event_id,user_id,step,surface,device,language,ts,session_id,utm_source,page_load_ms,error_code
EVT00000001M,USR000001,landing,mobile_sdk,Android,te,2026-04-18 11:49:00,SES270038,WhatsApp,1603,
EVT00000002M,USR000001,rate_check,mobile_sdk,Android,te,2026-04-18 11:46:00,SES634664,WhatsApp,,
EVT00000003M,USR000001,register,mobile_sdk,Android,te,2026-04-18 11:35:00,SES722554,WhatsApp,,
EVT00000004M,USR000001,otp_verify,mobile_sdk,iOS,te,2026-04-18 11:44:00,SES774897,WhatsApp,,
EVT00000005M,USR000001,kyc_pan,mobile_sdk,Android,te,2026-04-18 11:21:00,SES423287,WhatsApp,,
EVT00000006M,USR000002,landing,mobile_sdk,iOS,ta,2025-10-21 08:42:00,SES413877,Influencer-YT,2291,
EVT00000007M,USR000002,rate_check,mobile_sdk,iOS,ta,2025-10-21 09:21:00,SES120987,Influencer-YT,,
EVT00000008M,USR000002,register,mobile_sdk,Android,ta,2025-10-21 09:21:00,SES503165,Influencer-YT,,
EVT00000009M,USR000002,otp_verify,mobile_sdk,Android,ta,2025-10-21 09:17:00,SES524859,Influencer-YT,,
EVT00000010M,USR000002,kyc_pan,mobile_sdk,Android,ta,2025-10-21 09:22:00,SES885148,Influencer-YT,,
EVT00000011M,USR000002,kyc_address,mobile_sdk,Android,ta,2025-10-21 09:12:00,SES119172,Influencer-YT,,
EVT00000012,USR000003,landing,mobile_sdk,Web-Mobile,hi,2026-03-26 09:03:00,SES516596,Organic search,2908,
EVT00000013,USR000003,rate_check,mobile_sdk,Web-Mobile,hi,2026-03-26 11:06:00,SES538369,Organic search,,
EVT00000014,USR000003,register,mobile_sdk,Web-Mobile,hi,2026-03-26 13:33:00,SES592853,Organic search,,
EVT00000015,USR000003,otp_verify,mobile_sdk,Web-Mobile,hi,2026-03-26 15:29:00,SES656931,Organic search,,USER_ABANDONED
EVT00000016M,USR000005,landing,mobile_sdk,Android,en,2026-01-10 15:12:00,SES226344,Google Ads,897,
EVT00000017M,USR000005,rate_check,mobile_sdk,Android,en,2026-01-10 14:14:00,SES365413,Google Ads,,
EVT00000018M,USR000006,landing,mobile_sdk,iOS,en,2025-10-06 17:22:00,SES923233,Organic search,1944,
EVT00000019M,USR000006,rate_check,mobile_sdk,iOS,en,2025-10-06 17:45:00,SES216374,Organic search,,
EVT00000020M,USR000006,register,mobile_sdk,iOS,en,2025-10-06 17:29:00,SES986959,Organic search,,
EVT00000021M,USR000006,otp_verify,mobile_sdk,Android,en,2025-10-06 16:51:00,SES482929,Organic search,,
EVT00000022M,USR000006,kyc_pan,mobile_sdk,Android,en,2025-10-06 16:46:00,SES477461,Organic search,,
EVT00000023M,USR000006,kyc_address,mobile_sdk,Android,en,2025-10-06 17:20:00,SES395881,Organic search,,
EVT00000024M,USR000007,landing,mobile_sdk,iOS,en,2025-09-19 23:38:00,SES676270,Google Ads,1222,
EVT00000025M,USR000007,rate_check,mobile_sdk,iOS,en,2025-09-19 23:47:00,SES786288,Google Ads,,
EVT00000026M,USR000007,register,mobile_sdk,Android,en,2025-09-20 00:30:00,SES353782,Google Ads,,
EVT00000027M,USR000007,otp_verify,mobile_sdk,Android,en,2025-09-20 00:32:00,SES292669,Google Ads,,
EVT00000028,USR000008,landing,mobile_sdk,iOS,ta,2025-02-27 05:25:00,SES458048,Direct,1063,
EVT00000029,USR000008,rate_check,mobile_sdk,iOS,ta,2025-02-27 08:21:00,SES571143,Direct,,VKYC_AGENT_BUSY
EVT00000030,USR000009,landing,mobile_sdk,Android,en,2026-04-16 18:16:00,SES755388,Influencer-YT,3074,
EVT00000031,USR000009,rate_check,mobile_sdk,Android,en,2026-04-16 18:53:00,SES597866,Influencer-YT,,
EVT00000032,USR000009,register,mobile_sdk,Android,en,2026-04-16 20:17:00,SES804906,Influencer-YT,,
EVT00000033,USR000009,otp_verify,mobile_sdk,Android,en,2026-04-16 22:40:00,SES622169,Influencer-YT,,
EVT00000034,USR000009,kyc_pan,mobile_sdk,Android,en,2026-04-17 01:03:00,SES709294,Influencer-YT,,
EVT00000035,USR000009,kyc_address,mobile_sdk,Android,en,2026-04-17 01:44:00,SES871102,Influencer-YT,,
EVT00000036,USR000009,vkyc_invite,mobile_sdk,Android,en,2026-04-17 03:34:00,SES956588,Influencer-YT,,
EVT00000037,USR000009,vkyc_session,mobile_sdk,Android,en,2026-04-17 04:35:00,SES529652,Influencer-YT,,
EVT00000038,USR000009,vkyc_complete,mobile_sdk,Android,en,2026-04-17 07:12:00,SES666552,Influencer-YT,,USER_ABANDONED
EVT00000039M,USR000010,landing,mobile_sdk,iOS,gu,2026-04-18 03:24:00,SES943030,Google Ads,1289,
EVT00000040,USR000011,landing,mobile_sdk,Android,bn,2026-05-03 05:15:00,SES605357,Referral,2650,
EVT00000041,USR000011,rate_check,mobile_sdk,Android,bn,2026-05-03 05:42:00,SES553354,Referral,,
EVT00000042,USR000011,register,mobile_sdk,Android,bn,2026-05-03 07:45:00,SES619811,Referral,,
EVT00000043,USR000011,otp_verify,mobile_sdk,Android,bn,2026-05-03 09:45:00,SES813831,Referral,,
EVT00000044,USR000011,kyc_pan,mobile_sdk,Android,bn,2026-05-03 10:21:00,SES391707,Referral,,
EVT00000045,USR000011,kyc_address,mobile_sdk,Android,bn,2026-05-03 12:09:00,SES401912,Referral,,
EVT00000046,USR000011,vkyc_invite,mobile_sdk,Android,bn,2026-05-03 12:26:00,SES714904,Referral,,USER_ABANDONED
EVT00000047M,USR000012,landing,mobile_sdk,Android,ta,2026-01-06 16:44:00,SES318271,WhatsApp,339,
EVT00000048M,USR000012,rate_check,mobile_sdk,Android,ta,2026-01-06 15:30:00,SES166387,WhatsApp,,
EVT00000049M,USR000013,landing,mobile_sdk,Android,en,2026-05-05 20:28:00,SES850894,Direct,839,
EVT00000050M,USR000013,rate_check,mobile_sdk,Android,en,2026-05-05 20:08:00,SES202413,Direct,,
EVT00000051M,USR000013,register,mobile_sdk,Android,en,2026-05-05 19:44:00,SES805419,Direct,,
EVT00000052M,USR000013,otp_verify,mobile_sdk,iOS,en,2026-05-05 20:18:00,SES742958,Direct,,
EVT00000053M,USR000014,landing,mobile_sdk,Android,en,2026-05-04 02:45:00,SES584596,Email,506,
EVT00000054M,USR000014,rate_check,mobile_sdk,Android,en,2026-05-04 02:21:00,SES200546,Email,,
EVT00000055M,USR000014,register,mobile_sdk,Android,en,2026-05-04 02:59:00,SES949053,Email,,
EVT00000056,USR000016,landing,mobile_sdk,Android,hi,2025-05-14 02:20:00,SES520511,Influencer-YT,828,
EVT00000057,USR000016,rate_check,mobile_sdk,Android,hi,2025-05-14 03:45:00,SES469623,Influencer-YT,,TIMEOUT
EVT00000058,USR000017,landing,mobile_sdk,iOS,bn,2025-02-21 19:12:00,SES982796,Email,2861,
EVT00000059,USR000017,rate_check,mobile_sdk,iOS,bn,2025-02-21 22:05:00,SES911624,Email,,
EVT00000060,USR000017,register,mobile_sdk,iOS,bn,2025-02-21 23:08:00,SES824538,Email,,
EVT00000061,USR000017,otp_verify,mobile_sdk,iOS,bn,2025-02-22 00:50:00,SES685473,Email,,
EVT00000062,USR000017,kyc_pan,mobile_sdk,iOS,bn,2025-02-22 02:55:00,SES717803,Email,,
EVT00000063,USR000017,kyc_address,mobile_sdk,iOS,bn,2025-02-22 05:06:00,SES798360,Email,,
EVT00000064,USR000017,vkyc_invite,mobile_sdk,iOS,bn,2025-02-22 06:15:00,SES723392,Email,,USER_ABANDONED
EVT00000065M,USR000018,landing,mobile_sdk,Android,ml,2025-07-16 12:17:00,SES497829,Influencer-YT,797,
EVT00000066M,USR000018,rate_check,mobile_sdk,iOS,ml,2025-07-16 12:59:00,SES499400,Influencer-YT,,
EVT00000067M,USR000018,register,mobile_sdk,Android,ml,2025-07-16 12:16:00,SES432129,Influencer-YT,,
EVT00000068M,USR000018,otp_verify,mobile_sdk,Android,ml,2025-07-16 11:49:00,SES152633,Influencer-YT,,
EVT00000069,USR000019,landing,mobile_sdk,Web-Desktop,gu,2025-02-06 03:08:00,SES181257,Influencer-IG,3065,
EVT00000070,USR000019,rate_check,mobile_sdk,Web-Desktop,gu,2025-02-06 05:06:00,SES944809,Influencer-IG,,
EVT00000071M,USR000021,landing,mobile_sdk,iOS,mr,2026-01-03 09:57:00,SES796339,Meta Ads,2008,
EVT00000072M,USR000021,rate_check,mobile_sdk,Android,mr,2026-01-03 08:52:00,SES572919,Meta Ads,,
EVT00000073M,USR000021,register,mobile_sdk,iOS,mr,2026-01-03 08:31:00,SES344546,Meta Ads,,
EVT00000074,USR000025,landing,mobile_sdk,Android,ml,2025-07-06 21:46:00,SES424655,WhatsApp,1821,
EVT00000075,USR000025,rate_check,mobile_sdk,Android,ml,2025-07-06 22:01:00,SES505578,WhatsApp,,
EVT00000076,USR000025,register,mobile_sdk,Android,ml,2025-07-06 23:09:00,SES795127,WhatsApp,,
EVT00000077,USR000025,otp_verify,mobile_sdk,Android,ml,2025-07-07 01:18:00,SES535191,WhatsApp,,
EVT00000078,USR000025,kyc_pan,mobile_sdk,Android,ml,2025-07-07 03:24:00,SES453904,WhatsApp,,
EVT00000079,USR000025,kyc_address,mobile_sdk,Android,ml,2025-07-07 03:52:00,SES874614,WhatsApp,,
EVT00000080,USR000025,vkyc_invite,mobile_sdk,Android,ml,2025-07-07 06:00:00,SES914927,WhatsApp,,
EVT00000081,USR000025,vkyc_session,mobile_sdk,Android,ml,2025-07-07 06:30:00,SES414687,WhatsApp,,
EVT00000082,USR000025,vkyc_complete,mobile_sdk,Android,ml,2025-07-07 06:55:00,SES501271,WhatsApp,,USER_ABANDONED
EVT00000083M,USR000026,landing,mobile_sdk,iOS,hi,2025-04-30 10:12:00,SES617666,Referral,196,
EVT00000084M,USR000026,rate_check,mobile_sdk,Android,hi,2025-04-30 10:01:00,SES989243,Referral,,
EVT00000085,USR000027,landing,mobile_sdk,Android,hi,2025-11-27 15:59:00,SES559543,Referral,2920,
EVT00000086,USR000027,rate_check,mobile_sdk,Android,hi,2025-11-27 17:46:00,SES908355,Referral,,
EVT00000087,USR000027,register,mobile_sdk,Android,hi,2025-11-27 19:32:00,SES634614,Referral,,
EVT00000088,USR000027,otp_verify,mobile_sdk,Android,hi,2025-11-27 22:11:00,SES565824,Referral,,USER_ABANDONED
EVT00000089,USR000031,landing,mobile_sdk,Android,en,2025-03-22 16:58:00,SES921483,Direct,522,
EVT00000090,USR000031,rate_check,mobile_sdk,Android,en,2025-03-22 17:06:00,SES935226,Direct,,
EVT00000091,USR000031,register,mobile_sdk,Android,en,2025-03-22 17:10:00,SES184229,Direct,,
EVT00000092,USR000031,otp_verify,mobile_sdk,Android,en,2025-03-22 19:08:00,SES464761,Direct,,
EVT00000093,USR000031,kyc_pan,mobile_sdk,Android,en,2025-03-22 19:37:00,SES844865,Direct,,
EVT00000094,USR000031,kyc_address,mobile_sdk,Android,en,2025-03-22 19:39:00,SES105708,Direct,,
EVT00000095,USR000031,vkyc_invite,mobile_sdk,Android,en,2025-03-22 21:41:00,SES680488,Direct,,
EVT00000096,USR000031,vkyc_session,mobile_sdk,Android,en,2025-03-22 23:51:00,SES397741,Direct,,
EVT00000097,USR000031,vkyc_complete,mobile_sdk,Android,en,2025-03-23 01:24:00,SES578731,Direct,,
EVT00000098,USR000031,bank_link,mobile_sdk,Android,en,2025-03-23 03:40:00,SES755498,Direct,,
EVT00000099,USR000031,fd_amount_select,mobile_sdk,Android,en,2025-03-23 05:44:00,SES605642,Direct,,
EVT00000100,USR000031,fd_tenure_select,mobile_sdk,Android,en,2025-03-23 07:35:00,SES548653,Direct,,
EVT00000101,USR000031,fd_review,mobile_sdk,Android,en,2025-03-23 10:32:00,SES196825,Direct,,
EVT00000102,USR000031,fd_book_success,mobile_sdk,Android,en,2025-03-23 11:13:00,SES937162,Direct,,
EVT00000103M,USR000032,landing,mobile_sdk,Android,hi,2026-03-04 22:48:00,SES273195,Influencer-YT,1521,
EVT00000104M,USR000032,rate_check,mobile_sdk,Android,hi,2026-03-04 22:42:00,SES326679,Influencer-YT,,
EVT00000105M,USR000032,register,mobile_sdk,iOS,hi,2026-03-04 22:27:00,SES665934,Influencer-YT,,
EVT00000106,USR000033,landing,mobile_sdk,Web-Mobile,kn,2025-06-30 16:49:00,SES140354,Influencer-YT,3424,
EVT00000107,USR000033,rate_check,mobile_sdk,Web-Mobile,kn,2025-06-30 18:33:00,SES780454,Influencer-YT,,
EVT00000108M,USR000034,landing,mobile_sdk,iOS,bn,2026-05-06 19:24:00,SES120573,WhatsApp,1706,
EVT00000109M,USR000034,rate_check,mobile_sdk,Android,bn,2026-05-06 18:16:00,SES686310,WhatsApp,,
EVT00000110M,USR000034,register,mobile_sdk,iOS,bn,2026-05-06 19:13:00,SES962303,WhatsApp,,
EVT00000111M,USR000034,otp_verify,mobile_sdk,iOS,bn,2026-05-06 19:37:00,SES622209,WhatsApp,,
EVT00000112M,USR000034,kyc_pan,mobile_sdk,iOS,bn,2026-05-06 19:22:00,SES766893,WhatsApp,,
EVT00000113M,USR000034,kyc_address,mobile_sdk,iOS,bn,2026-05-06 18:29:00,SES153365,WhatsApp,,
EVT00000114,USR000035,landing,mobile_sdk,Android,gu,2025-12-08 02:23:00,SES666139,Referral,1379,
EVT00000115,USR000035,rate_check,mobile_sdk,Android,gu,2025-12-08 03:25:00,SES993019,Referral,,
EVT00000116,USR000035,register,mobile_sdk,Android,gu,2025-12-08 05:50:00,SES342680,Referral,,
EVT00000117,USR000035,otp_verify,mobile_sdk,Android,gu,2025-12-08 05:52:00,SES390091,Referral,,
EVT00000118,USR000035,kyc_pan,mobile_sdk,Android,gu,2025-12-08 06:50:00,SES835641,Referral,,
EVT00000119,USR000035,kyc_address,mobile_sdk,Android,gu,2025-12-08 09:37:00,SES849279,Referral,,
EVT00000120,USR000035,vkyc_invite,mobile_sdk,Android,gu,2025-12-08 11:54:00,SES738813,Referral,,
EVT00000121,USR000035,vkyc_session,mobile_sdk,Android,gu,2025-12-08 14:35:00,SES620616,Referral,,
EVT00000122,USR000035,vkyc_complete,mobile_sdk,Android,gu,2025-12-08 16:14:00,SES389322,Referral,,
EVT00000123,USR000035,bank_link,mobile_sdk,Android,gu,2025-12-08 19:09:00,SES356876,Referral,,
EVT00000124,USR000035,fd_amount_select,mobile_sdk,Android,gu,2025-12-08 21:49:00,SES935507,Referral,,USER_ABANDONED
EVT00000125,USR000036,landing,mobile_sdk,Web-Desktop,hi,2025-11-15 13:37:00,SES153413,Referral,2782,
EVT00000126,USR000036,rate_check,mobile_sdk,Web-Desktop,hi,2025-11-15 14:58:00,SES883890,Referral,,
EVT00000127,USR000036,register,mobile_sdk,Web-Desktop,hi,2025-11-15 16:01:00,SES160487,Referral,,
EVT00000128,USR000036,otp_verify,mobile_sdk,Web-Desktop,hi,2025-11-15 16:05:00,SES232632,Referral,,
EVT00000129,USR000036,kyc_pan,mobile_sdk,Web-Desktop,hi,2025-11-15 18:21:00,SES704975,Referral,,USER_ABANDONED
EVT00000130,USR000037,landing,mobile_sdk,Web-Desktop,ta,2025-05-28 07:08:00,SES486220,Email,645,
EVT00000131,USR000037,rate_check,mobile_sdk,Web-Desktop,ta,2025-05-28 07:10:00,SES818934,Email,,
EVT00000132,USR000037,register,mobile_sdk,Web-Desktop,ta,2025-05-28 07:23:00,SES436217,Email,,
EVT00000133,USR000037,otp_verify,mobile_sdk,Web-Desktop,ta,2025-05-28 07:36:00,SES995753,Email,,
EVT00000134,USR000037,kyc_pan,mobile_sdk,Web-Desktop,ta,2025-05-28 10:16:00,SES671913,Email,,
EVT00000135,USR000037,kyc_address,mobile_sdk,Web-Desktop,ta,2025-05-28 11:40:00,SES614790,Email,,
EVT00000136,USR000037,vkyc_invite,mobile_sdk,Web-Desktop,ta,2025-05-28 13:44:00,SES319939,Email,,
EVT00000137,USR000037,vkyc_session,mobile_sdk,Web-Desktop,ta,2025-05-28 15:55:00,SES912435,Email,,VALIDATION_FAIL
EVT00000138,USR000041,landing,mobile_sdk,iOS,en,2025-10-01 04:51:00,SES531455,Google Ads,365,
EVT00000139,USR000041,rate_check,mobile_sdk,iOS,en,2025-10-01 05:30:00,SES416323,Google Ads,,
EVT00000140,USR000041,register,mobile_sdk,iOS,en,2025-10-01 06:02:00,SES313475,Google Ads,,
EVT00000141,USR000041,otp_verify,mobile_sdk,iOS,en,2025-10-01 08:39:00,SES986380,Google Ads,,
EVT00000142,USR000041,kyc_pan,mobile_sdk,iOS,en,2025-10-01 09:02:00,SES243553,Google Ads,,
EVT00000143,USR000041,kyc_address,mobile_sdk,iOS,en,2025-10-01 11:20:00,SES953647,Google Ads,,USER_ABANDONED
EVT00000144,USR000043,landing,mobile_sdk,Android,en,2026-04-28 00:22:00,SES789739,Influencer-YT,1434,
EVT00000145,USR000043,rate_check,mobile_sdk,Android,en,2026-04-28 01:43:00,SES826646,Influencer-YT,,
EVT00000146,USR000043,register,mobile_sdk,Android,en,2026-04-28 02:55:00,SES490943,Influencer-YT,,
EVT00000147,USR000043,otp_verify,mobile_sdk,Android,en,2026-04-28 05:17:00,SES897577,Influencer-YT,,
EVT00000148,USR000043,kyc_pan,mobile_sdk,Android,en,2026-04-28 05:26:00,SES890781,Influencer-YT,,
EVT00000149,USR000043,kyc_address,mobile_sdk,Android,en,2026-04-28 06:48:00,SES214151,Influencer-YT,,
EVT00000150,USR000043,vkyc_invite,mobile_sdk,Android,en,2026-04-28 08:26:00,SES835303,Influencer-YT,,
EVT00000151,USR000043,vkyc_session,mobile_sdk,Android,en,2026-04-28 11:14:00,SES213024,Influencer-YT,,
EVT00000152,USR000043,vkyc_complete,mobile_sdk,Android,en,2026-04-28 13:53:00,SES677336,Influencer-YT,,
EVT00000153,USR000043,bank_link,mobile_sdk,Android,en,2026-04-28 15:39:00,SES918996,Influencer-YT,,
EVT00000154,USR000043,fd_amount_select,mobile_sdk,Android,en,2026-04-28 18:32:00,SES896555,Influencer-YT,,USER_ABANDONED
EVT00000155M,USR000045,landing,mobile_sdk,Android,en,2025-08-10 08:30:00,SES116939,Organic search,1178,
EVT00000156,USR000046,landing,mobile_sdk,Android,hi,2025-11-13 09:20:00,SES556672,Referral,1734,
EVT00000157,USR000046,rate_check,mobile_sdk,Android,hi,2025-11-13 10:38:00,SES590001,Referral,,TIMEOUT
EVT00000158M,USR000047,landing,mobile_sdk,Android,mr,2026-02-02 08:13:00,SES130977,Influencer-YT,502,
EVT00000159M,USR000047,rate_check,mobile_sdk,Android,mr,2026-02-02 09:22:00,SES408915,Influencer-YT,,
EVT00000160M,USR000047,register,mobile_sdk,Android,mr,2026-02-02 08:14:00,SES589383,Influencer-YT,,
EVT00000161M,USR000047,otp_verify,mobile_sdk,Android,mr,2026-02-02 09:15:00,SES515418,Influencer-YT,,
EVT00000162,USR000050,landing,mobile_sdk,Web-Desktop,en,2025-10-20 01:23:00,SES628042,Referral,275,
EVT00000163,USR000050,rate_check,mobile_sdk,Web-Desktop,en,2025-10-20 01:43:00,SES810531,Referral,,
EVT00000164,USR000050,register,mobile_sdk,Web-Desktop,en,2025-10-20 02:18:00,SES264398,Referral,,
EVT00000165,USR000050,otp_verify,mobile_sdk,Web-Desktop,en,2025-10-20 02:44:00,SES798169,Referral,,
EVT00000166,USR000050,kyc_pan,mobile_sdk,Web-Desktop,en,2025-10-20 04:41:00,SES733868,Referral,,
EVT00000167,USR000050,kyc_address,mobile_sdk,Web-Desktop,en,2025-10-20 05:37:00,SES229301,Referral,,USER_ABANDONED
EVT00000168M,USR000052,landing,mobile_sdk,Android,en,2025-10-27 11:38:00,SES244205,Organic search,1226,
EVT00000169M,USR000052,rate_check,mobile_sdk,Android,en,2025-10-27 12:12:00,SES857708,Organic search,,
EVT00000170M,USR000052,register,mobile_sdk,iOS,en,2025-10-27 11:20:00,SES620912,Organic search,,
EVT00000171M,USR000052,otp_verify,mobile_sdk,Android,en,2025-10-27 11:15:00,SES857503,Organic search,,
EVT00000172M,USR000052,kyc_pan,mobile_sdk,Android,en,2025-10-27 11:40:00,SES746615,Organic search,,
EVT00000173M,USR000052,kyc_address,mobile_sdk,Android,en,2025-10-27 11:50:00,SES653519,Organic search,,
EVT00000174,USR000055,landing,mobile_sdk,Android,en,2026-04-12 07:23:00,SES526932,Referral,2928,
EVT00000175,USR000055,rate_check,mobile_sdk,Android,en,2026-04-12 08:19:00,SES348089,Referral,,
EVT00000176,USR000055,register,mobile_sdk,Android,en,2026-04-12 09:11:00,SES974843,Referral,,
EVT00000177,USR000055,otp_verify,mobile_sdk,Android,en,2026-04-12 11:47:00,SES650226,Referral,,
EVT00000178,USR000055,kyc_pan,mobile_sdk,Android,en,2026-04-12 12:27:00,SES475549,Referral,,
EVT00000179,USR000055,kyc_address,mobile_sdk,Android,en,2026-04-12 13:32:00,SES543763,Referral,,
EVT00000180,USR000055,vkyc_invite,mobile_sdk,Android,en,2026-04-12 15:20:00,SES295785,Referral,,
EVT00000181,USR000055,vkyc_session,mobile_sdk,Android,en,2026-04-12 17:11:00,SES191096,Referral,,VALIDATION_FAIL
EVT00000182,USR000056,landing,mobile_sdk,Android,hi,2025-12-04 01:08:00,SES381736,Influencer-YT,2807,
EVT00000183,USR000056,rate_check,mobile_sdk,Android,hi,2025-12-04 03:32:00,SES427319,Influencer-YT,,VKYC_AGENT_BUSY
EVT00000184M,USR000058,landing,mobile_sdk,Android,mr,2025-08-11 12:09:00,SES472892,Google Ads,1443,
EVT00000185M,USR000058,rate_check,mobile_sdk,iOS,mr,2025-08-11 12:35:00,SES360695,Google Ads,,
EVT00000186M,USR000060,landing,mobile_sdk,iOS,hi,2025-01-08 12:11:00,SES526923,Referral,1224,
EVT00000187,USR000061,landing,mobile_sdk,iOS,en,2025-12-24 06:06:00,SES357110,Referral,1450,
EVT00000188,USR000061,rate_check,mobile_sdk,iOS,en,2025-12-24 08:52:00,SES421499,Referral,,
EVT00000189,USR000061,register,mobile_sdk,iOS,en,2025-12-24 10:38:00,SES454871,Referral,,
EVT00000190,USR000061,otp_verify,mobile_sdk,iOS,en,2025-12-24 12:29:00,SES806430,Referral,,
EVT00000191,USR000061,kyc_pan,mobile_sdk,iOS,en,2025-12-24 14:01:00,SES163829,Referral,,
EVT00000192,USR000061,kyc_address,mobile_sdk,iOS,en,2025-12-24 14:51:00,SES398265,Referral,,
EVT00000193,USR000061,vkyc_invite,mobile_sdk,iOS,en,2025-12-24 16:57:00,SES804549,Referral,,
EVT00000194,USR000061,vkyc_session,mobile_sdk,iOS,en,2025-12-24 17:18:00,SES185662,Referral,,
EVT00000195,USR000061,vkyc_complete,mobile_sdk,iOS,en,2025-12-24 17:22:00,SES264586,Referral,,
EVT00000196,USR000061,bank_link,mobile_sdk,iOS,en,2025-12-24 20:22:00,SES700848,Referral,,
EVT00000197,USR000061,fd_amount_select,mobile_sdk,iOS,en,2025-12-24 21:12:00,SES851880,Referral,,
EVT00000198,USR000061,fd_tenure_select,mobile_sdk,iOS,en,2025-12-24 23:33:00,SES663593,Referral,,
EVT00000199,USR000061,fd_review,mobile_sdk,iOS,en,2025-12-25 01:01:00,SES476596,Referral,,
EVT00000200,USR000061,fd_book_success,mobile_sdk,iOS,en,2025-12-25 03:25:00,SES617518,Referral,,
EVT00000201M,USR000062,landing,mobile_sdk,iOS,hi,2025-11-04 01:53:00,SES981354,Google Ads,794,
EVT00000202M,USR000062,rate_check,mobile_sdk,iOS,hi,2025-11-04 00:52:00,SES203777,Google Ads,,
EVT00000203M,USR000062,register,mobile_sdk,iOS,hi,2025-11-04 01:21:00,SES121464,Google Ads,,
EVT00000204M,USR000062,otp_verify,mobile_sdk,Android,hi,2025-11-04 01:17:00,SES240403,Google Ads,,
EVT00000205M,USR000062,kyc_pan,mobile_sdk,Android,hi,2025-11-04 01:49:00,SES392815,Google Ads,,
EVT00000206M,USR000062,kyc_address,mobile_sdk,Android,hi,2025-11-04 01:22:00,SES913386,Google Ads,,
EVT00000207,USR000064,landing,mobile_sdk,Android,en,2025-08-10 10:34:00,SES374546,Influencer-YT,2786,
EVT00000208,USR000064,rate_check,mobile_sdk,Android,en,2025-08-10 12:15:00,SES854315,Influencer-YT,,RATE_NOT_COMPETITIVE
EVT00000209,USR000065,landing,mobile_sdk,Android,hi,2025-09-07 21:11:00,SES321343,Direct,2889,
EVT00000210,USR000065,rate_check,mobile_sdk,Android,hi,2025-09-07 21:38:00,SES690264,Direct,,
EVT00000211,USR000065,register,mobile_sdk,Android,hi,2025-09-07 23:23:00,SES572574,Direct,,
EVT00000212,USR000065,otp_verify,mobile_sdk,Android,hi,2025-09-08 02:12:00,SES178094,Direct,,USER_ABANDONED
EVT00000213M,USR000066,landing,mobile_sdk,Android,ta,2026-02-28 13:34:00,SES766951,Influencer-IG,1183,
EVT00000214,USR000068,landing,mobile_sdk,Android,en,2026-03-01 05:12:00,SES909681,WhatsApp,262,
EVT00000215,USR000068,rate_check,mobile_sdk,Android,en,2026-03-01 07:59:00,SES326969,WhatsApp,,VKYC_AGENT_BUSY
EVT00000216,USR000071,landing,mobile_sdk,Android,en,2025-02-06 17:22:00,SES629761,Google Ads,2570,
EVT00000217,USR000071,rate_check,mobile_sdk,Android,en,2025-02-06 19:21:00,SES766524,Google Ads,,
EVT00000218,USR000071,register,mobile_sdk,Android,en,2025-02-06 19:35:00,SES611278,Google Ads,,USER_ABANDONED
EVT00000219,USR000073,landing,mobile_sdk,Android,kn,2026-03-18 19:14:00,SES367737,Meta Ads,3205,
EVT00000220,USR000073,rate_check,mobile_sdk,Android,kn,2026-03-18 21:18:00,SES638364,Meta Ads,,
EVT00000221,USR000073,register,mobile_sdk,Android,kn,2026-03-19 00:03:00,SES353353,Meta Ads,,
EVT00000222,USR000073,otp_verify,mobile_sdk,Android,kn,2026-03-19 02:16:00,SES622985,Meta Ads,,
EVT00000223,USR000073,kyc_pan,mobile_sdk,Android,kn,2026-03-19 03:41:00,SES271004,Meta Ads,,
EVT00000224,USR000073,kyc_address,mobile_sdk,Android,kn,2026-03-19 06:28:00,SES300080,Meta Ads,,
EVT00000225,USR000073,vkyc_invite,mobile_sdk,Android,kn,2026-03-19 09:08:00,SES555772,Meta Ads,,
EVT00000226,USR000073,vkyc_session,mobile_sdk,Android,kn,2026-03-19 09:58:00,SES507689,Meta Ads,,
EVT00000227,USR000073,vkyc_complete,mobile_sdk,Android,kn,2026-03-19 10:26:00,SES950144,Meta Ads,,
EVT00000228,USR000073,bank_link,mobile_sdk,Android,kn,2026-03-19 11:59:00,SES390571,Meta Ads,,
EVT00000229,USR000073,fd_amount_select,mobile_sdk,Android,kn,2026-03-19 14:53:00,SES945675,Meta Ads,,
EVT00000230,USR000073,fd_tenure_select,mobile_sdk,Android,kn,2026-03-19 17:46:00,SES335437,Meta Ads,,
EVT00000231,USR000073,fd_review,mobile_sdk,Android,kn,2026-03-19 19:19:00,SES574348,Meta Ads,,
EVT00000232,USR000073,fd_book_success,mobile_sdk,Android,kn,2026-03-19 21:45:00,SES261073,Meta Ads,,
EVT00000233,USR000074,landing,mobile_sdk,Android,hi,2025-10-05 20:35:00,SES118722,Direct,592,
EVT00000234,USR000074,rate_check,mobile_sdk,Android,hi,2025-10-05 22:06:00,SES209743,Direct,,
EVT00000235,USR000074,register,mobile_sdk,Android,hi,2025-10-06 00:34:00,SES428893,Direct,,
EVT00000236,USR000074,otp_verify,mobile_sdk,Android,hi,2025-10-06 01:47:00,SES568014,Direct,,
EVT00000237,USR000074,kyc_pan,mobile_sdk,Android,hi,2025-10-06 04:07:00,SES971549,Direct,,
EVT00000238,USR000074,kyc_address,mobile_sdk,Android,hi,2025-10-06 06:14:00,SES203660,Direct,,
EVT00000239,USR000074,vkyc_invite,mobile_sdk,Android,hi,2025-10-06 07:39:00,SES870257,Direct,,
EVT00000240,USR000074,vkyc_session,mobile_sdk,Android,hi,2025-10-06 08:32:00,SES174110,Direct,,
EVT00000241,USR000074,vkyc_complete,mobile_sdk,Android,hi,2025-10-06 10:27:00,SES702021,Direct,,
EVT00000242,USR000074,bank_link,mobile_sdk,Android,hi,2025-10-06 11:26:00,SES174693,Direct,,
EVT00000243,USR000074,fd_amount_select,mobile_sdk,Android,hi,2025-10-06 12:21:00,SES772290,Direct,,
EVT00000244,USR000074,fd_tenure_select,mobile_sdk,Android,hi,2025-10-06 14:28:00,SES445472,Direct,,
EVT00000245,USR000074,fd_review,mobile_sdk,Android,hi,2025-10-06 14:45:00,SES746196,Direct,,
EVT00000246,USR000074,fd_book_success,mobile_sdk,Android,hi,2025-10-06 15:10:00,SES587369,Direct,,
EVT00000247M,USR000075,landing,mobile_sdk,iOS,hi,2025-05-20 06:40:00,SES279862,Referral,2162,
EVT00000248M,USR000075,rate_check,mobile_sdk,Android,hi,2025-05-20 07:17:00,SES908569,Referral,,
EVT00000249M,USR000075,register,mobile_sdk,Android,hi,2025-05-20 07:44:00,SES892029,Referral,,
EVT00000250M,USR000075,otp_verify,mobile_sdk,Android,hi,2025-05-20 07:37:00,SES105241,Referral,,
EVT00000251M,USR000075,kyc_pan,mobile_sdk,Android,hi,2025-05-20 07:59:00,SES441403,Referral,,
EVT00000252M,USR000075,kyc_address,mobile_sdk,Android,hi,2025-05-20 08:01:00,SES781223,Referral,,
EVT00000253M,USR000078,landing,mobile_sdk,Android,mr,2025-12-24 21:34:00,SES119861,Referral,2073,
EVT00000254M,USR000078,rate_check,mobile_sdk,Android,mr,2025-12-24 20:52:00,SES968925,Referral,,
EVT00000255M,USR000078,register,mobile_sdk,Android,mr,2025-12-24 21:32:00,SES180920,Referral,,
EVT00000256M,USR000078,otp_verify,mobile_sdk,iOS,mr,2025-12-24 21:30:00,SES819634,Referral,,
EVT00000257M,USR000078,kyc_pan,mobile_sdk,iOS,mr,2025-12-24 20:40:00,SES854891,Referral,,
EVT00000258M,USR000078,kyc_address,mobile_sdk,Android,mr,2025-12-24 21:13:00,SES101541,Referral,,
EVT00000259M,USR000080,landing,mobile_sdk,iOS,hi,2026-02-08 01:06:00,SES978387,Google Ads,1656,
EVT00000260M,USR000080,rate_check,mobile_sdk,Android,hi,2026-02-08 00:55:00,SES978132,Google Ads,,
EVT00000261M,USR000080,register,mobile_sdk,iOS,hi,2026-02-08 00:41:00,SES928920,Google Ads,,
EVT00000262,USR000082,landing,mobile_sdk,Android,en,2025-08-19 19:18:00,SES765788,Direct,1891,
EVT00000263,USR000082,rate_check,mobile_sdk,Android,en,2025-08-19 20:10:00,SES165442,Direct,,
EVT00000264,USR000082,register,mobile_sdk,Android,en,2025-08-19 22:57:00,SES496185,Direct,,
EVT00000265,USR000082,otp_verify,mobile_sdk,Android,en,2025-08-19 23:12:00,SES602270,Direct,,
EVT00000266,USR000082,kyc_pan,mobile_sdk,Android,en,2025-08-19 23:25:00,SES552807,Direct,,
EVT00000267,USR000082,kyc_address,mobile_sdk,Android,en,2025-08-20 01:07:00,SES733235,Direct,,USER_ABANDONED
EVT00000268,USR000083,landing,mobile_sdk,Android,ta,2025-08-07 10:15:00,SES447771,Influencer-YT,2540,
EVT00000269,USR000083,rate_check,mobile_sdk,Android,ta,2025-08-07 10:46:00,SES225435,Influencer-YT,,
EVT00000270,USR000083,register,mobile_sdk,Android,ta,2025-08-07 13:13:00,SES770863,Influencer-YT,,
EVT00000271,USR000083,otp_verify,mobile_sdk,Android,ta,2025-08-07 15:14:00,SES564587,Influencer-YT,,
EVT00000272,USR000083,kyc_pan,mobile_sdk,Android,ta,2025-08-07 18:07:00,SES312579,Influencer-YT,,
EVT00000273,USR000083,kyc_address,mobile_sdk,Android,ta,2025-08-07 20:35:00,SES398943,Influencer-YT,,
EVT00000274,USR000083,vkyc_invite,mobile_sdk,Android,ta,2025-08-07 20:44:00,SES695291,Influencer-YT,,
EVT00000275,USR000083,vkyc_session,mobile_sdk,Android,ta,2025-08-07 22:24:00,SES805796,Influencer-YT,,TIMEOUT
EVT00000276,USR000084,landing,mobile_sdk,iOS,bn,2025-09-02 05:18:00,SES255943,WhatsApp,792,
EVT00000277,USR000084,rate_check,mobile_sdk,iOS,bn,2025-09-02 07:29:00,SES329625,WhatsApp,,VKYC_AGENT_BUSY
EVT00000278,USR000085,landing,mobile_sdk,Android,en,2026-02-06 23:13:00,SES426076,Email,3096,
EVT00000279,USR000085,rate_check,mobile_sdk,Android,en,2026-02-07 01:38:00,SES665348,Email,,
EVT00000280,USR000085,register,mobile_sdk,Android,en,2026-02-07 03:48:00,SES260569,Email,,
EVT00000281,USR000085,otp_verify,mobile_sdk,Android,en,2026-02-07 04:44:00,SES577384,Email,,
EVT00000282,USR000085,kyc_pan,mobile_sdk,Android,en,2026-02-07 06:28:00,SES656824,Email,,
EVT00000283,USR000085,kyc_address,mobile_sdk,Android,en,2026-02-07 08:46:00,SES819909,Email,,
EVT00000284,USR000085,vkyc_invite,mobile_sdk,Android,en,2026-02-07 09:32:00,SES568704,Email,,
EVT00000285,USR000085,vkyc_session,mobile_sdk,Android,en,2026-02-07 11:41:00,SES296499,Email,,
EVT00000286,USR000085,vkyc_complete,mobile_sdk,Android,en,2026-02-07 12:41:00,SES112803,Email,,
EVT00000287,USR000085,bank_link,mobile_sdk,Android,en,2026-02-07 12:51:00,SES697562,Email,,
EVT00000288,USR000085,fd_amount_select,mobile_sdk,Android,en,2026-02-07 13:08:00,SES440213,Email,,
EVT00000289,USR000085,fd_tenure_select,mobile_sdk,Android,en,2026-02-07 14:34:00,SES719089,Email,,
EVT00000290,USR000085,fd_review,mobile_sdk,Android,en,2026-02-07 14:39:00,SES221279,Email,,
EVT00000291,USR000085,fd_book_success,mobile_sdk,Android,en,2026-02-07 15:29:00,SES993413,Email,,
EVT00000292,USR000087,landing,mobile_sdk,Web-Desktop,ta,2026-02-19 20:22:00,SES934988,Influencer-YT,1092,
EVT00000293,USR000087,rate_check,mobile_sdk,Web-Desktop,ta,2026-02-19 23:10:00,SES969980,Influencer-YT,,
EVT00000294,USR000087,register,mobile_sdk,Web-Desktop,ta,2026-02-20 00:44:00,SES211367,Influencer-YT,,
EVT00000295,USR000087,otp_verify,mobile_sdk,Web-Desktop,ta,2026-02-20 01:04:00,SES843611,Influencer-YT,,
EVT00000296,USR000087,kyc_pan,mobile_sdk,Web-Desktop,ta,2026-02-20 03:33:00,SES942351,Influencer-YT,,USER_ABANDONED
EVT00000297,USR000088,landing,mobile_sdk,Android,en,2026-04-02 10:33:00,SES150498,Influencer-IG,1424,
EVT00000298,USR000088,rate_check,mobile_sdk,Android,en,2026-04-02 11:52:00,SES395092,Influencer-IG,,
EVT00000299,USR000088,register,mobile_sdk,Android,en,2026-04-02 12:08:00,SES907390,Influencer-IG,,
EVT00000300,USR000088,otp_verify,mobile_sdk,Android,en,2026-04-02 14:28:00,SES168063,Influencer-IG,,
EVT00000301,USR000088,kyc_pan,mobile_sdk,Android,en,2026-04-02 17:03:00,SES897531,Influencer-IG,,
EVT00000302,USR000088,kyc_address,mobile_sdk,Android,en,2026-04-02 18:09:00,SES263277,Influencer-IG,,
EVT00000303,USR000088,vkyc_invite,mobile_sdk,Android,en,2026-04-02 20:34:00,SES197646,Influencer-IG,,
EVT00000304,USR000088,vkyc_session,mobile_sdk,Android,en,2026-04-02 23:15:00,SES176173,Influencer-IG,,
EVT00000305,USR000088,vkyc_complete,mobile_sdk,Android,en,2026-04-03 02:11:00,SES268332,Influencer-IG,,
EVT00000306,USR000088,bank_link,mobile_sdk,Android,en,2026-04-03 04:28:00,SES725502,Influencer-IG,,USER_ABANDONED
EVT00000307M,USR000089,landing,mobile_sdk,iOS,ta,2025-08-14 06:18:00,SES591561,Google Ads,325,
EVT00000308M,USR000089,rate_check,mobile_sdk,Android,ta,2025-08-14 05:29:00,SES644083,Google Ads,,
EVT00000309M,USR000089,register,mobile_sdk,Android,ta,2025-08-14 06:10:00,SES393738,Google Ads,,
EVT00000310M,USR000089,otp_verify,mobile_sdk,Android,ta,2025-08-14 05:27:00,SES778987,Google Ads,,
EVT00000311M,USR000089,kyc_pan,mobile_sdk,Android,ta,2025-08-14 06:53:00,SES836342,Google Ads,,
EVT00000312M,USR000089,kyc_address,mobile_sdk,Android,ta,2025-08-14 06:27:00,SES107091,Google Ads,,
EVT00000313M,USR000091,landing,mobile_sdk,Android,en,2025-11-16 17:17:00,SES375101,Google Ads,668,
EVT00000314M,USR000091,rate_check,mobile_sdk,iOS,en,2025-11-16 17:22:00,SES609950,Google Ads,,
EVT00000315M,USR000091,register,mobile_sdk,Android,en,2025-11-16 17:26:00,SES443276,Google Ads,,
EVT00000316M,USR000091,otp_verify,mobile_sdk,Android,en,2025-11-16 17:52:00,SES630741,Google Ads,,
EVT00000317M,USR000092,landing,mobile_sdk,Android,hi,2025-06-12 15:59:00,SES852215,Referral,1022,
EVT00000318M,USR000095,landing,mobile_sdk,iOS,ml,2025-07-14 16:49:00,SES904234,Influencer-IG,510,
EVT00000319M,USR000095,rate_check,mobile_sdk,iOS,ml,2025-07-14 16:58:00,SES565387,Influencer-IG,,
EVT00000320M,USR000095,register,mobile_sdk,iOS,ml,2025-07-14 17:05:00,SES992531,Influencer-IG,,
EVT00000321M,USR000095,otp_verify,mobile_sdk,Android,ml,2025-07-14 17:27:00,SES541901,Influencer-IG,,
EVT00000322M,USR000095,kyc_pan,mobile_sdk,Android,ml,2025-07-14 17:24:00,SES560933,Influencer-IG,,
EVT00000323M,USR000095,kyc_address,mobile_sdk,Android,ml,2025-07-14 17:37:00,SES108285,Influencer-IG,,
EVT00000324M,USR000096,landing,mobile_sdk,Android,en,2025-07-18 10:36:00,SES394259,Referral,1790,
EVT00000325M,USR000096,rate_check,mobile_sdk,Android,en,2025-07-18 10:38:00,SES237898,Referral,,
EVT00000326M,USR000096,register,mobile_sdk,iOS,en,2025-07-18 10:39:00,SES227951,Referral,,
EVT00000327M,USR000096,otp_verify,mobile_sdk,Android,en,2025-07-18 09:19:00,SES686154,Referral,,
EVT00000328M,USR000096,kyc_pan,mobile_sdk,Android,en,2025-07-18 10:00:00,SES864299,Referral,,
EVT00000329M,USR000096,kyc_address,mobile_sdk,iOS,en,2025-07-18 10:27:00,SES312250,Referral,,
EVT00000330,USR000097,landing,mobile_sdk,Android,ta,2025-07-16 19:20:00,SES138732,Email,1754,
EVT00000331,USR000097,rate_check,mobile_sdk,Android,ta,2025-07-16 21:36:00,SES309380,Email,,
EVT00000332,USR000097,register,mobile_sdk,Android,ta,2025-07-16 22:15:00,SES746292,Email,,
EVT00000333,USR000097,otp_verify,mobile_sdk,Android,ta,2025-07-16 23:53:00,SES252780,Email,,
EVT00000334,USR000097,kyc_pan,mobile_sdk,Android,ta,2025-07-17 02:06:00,SES866125,Email,,
EVT00000335,USR000097,kyc_address,mobile_sdk,Android,ta,2025-07-17 03:25:00,SES827729,Email,,
EVT00000336,USR000097,vkyc_invite,mobile_sdk,Android,ta,2025-07-17 05:35:00,SES491388,Email,,
EVT00000337,USR000097,vkyc_session,mobile_sdk,Android,ta,2025-07-17 06:03:00,SES886641,Email,,TIMEOUT
EVT00000338M,USR000098,landing,mobile_sdk,Android,en,2025-04-12 09:11:00,SES673693,Email,2285,
EVT00000339M,USR000098,rate_check,mobile_sdk,Android,en,2025-04-12 09:58:00,SES962919,Email,,
EVT00000340M,USR000099,landing,mobile_sdk,Android,en,2025-06-02 19:22:00,SES103801,Referral,2005,
EVT00000341M,USR000100,landing,mobile_sdk,Android,en,2025-08-06 23:46:00,SES632250,Influencer-YT,1486,
EVT00000342M,USR000100,rate_check,mobile_sdk,Android,en,2025-08-07 00:18:00,SES373752,Influencer-YT,,
EVT00000343M,USR000100,register,mobile_sdk,Android,en,2025-08-06 23:28:00,SES973103,Influencer-YT,,
EVT00000344M,USR000100,otp_verify,mobile_sdk,iOS,en,2025-08-06 23:08:00,SES282227,Influencer-YT,,
EVT00000345M,USR000100,kyc_pan,mobile_sdk,iOS,en,2025-08-06 23:57:00,SES995146,Influencer-YT,,
EVT00000346M,USR000100,kyc_address,mobile_sdk,iOS,en,2025-08-07 00:05:00,SES334516,Influencer-YT,,
EVT00000347M,USR000102,landing,mobile_sdk,Android,kn,2026-04-26 02:14:00,SES825355,Organic search,1925,
EVT00000348M,USR000102,rate_check,mobile_sdk,Android,kn,2026-04-26 01:25:00,SES237515,Organic search,,
EVT00000349M,USR000102,register,mobile_sdk,Android,kn,2026-04-26 01:38:00,SES613090,Organic search,,
EVT00000350M,USR000102,otp_verify,mobile_sdk,iOS,kn,2026-04-26 02:22:00,SES117785,Organic search,,
EVT00000351M,USR000102,kyc_pan,mobile_sdk,iOS,kn,2026-04-26 01:56:00,SES617923,Organic search,,
EVT00000352M,USR000102,kyc_address,mobile_sdk,Android,kn,2026-04-26 02:32:00,SES196356,Organic search,,
EVT00000353M,USR000103,landing,mobile_sdk,Android,bn,2026-02-02 19:05:00,SES374425,WhatsApp,596,
EVT00000354M,USR000103,rate_check,mobile_sdk,iOS,bn,2026-02-02 18:54:00,SES275599,WhatsApp,,
EVT00000355M,USR000103,register,mobile_sdk,Android,bn,2026-02-02 18:49:00,SES693943,WhatsApp,,
EVT00000356M,USR000104,landing,mobile_sdk,Android,en,2025-04-03 21:07:00,SES790813,Meta Ads,860,
EVT00000357M,USR000104,rate_check,mobile_sdk,Android,en,2025-04-03 21:07:00,SES768187,Meta Ads,,
EVT00000358M,USR000106,landing,mobile_sdk,Android,bn,2025-04-24 00:34:00,SES838739,Influencer-IG,1087,
EVT00000359M,USR000106,rate_check,mobile_sdk,iOS,bn,2025-04-23 23:49:00,SES619392,Influencer-IG,,
EVT00000360,USR000107,landing,mobile_sdk,Android,en,2025-07-09 20:10:00,SES763505,Direct,3223,
EVT00000361,USR000107,rate_check,mobile_sdk,Android,en,2025-07-09 20:23:00,SES829922,Direct,,
EVT00000362,USR000107,register,mobile_sdk,Android,en,2025-07-09 22:45:00,SES107550,Direct,,
EVT00000363,USR000107,otp_verify,mobile_sdk,Android,en,2025-07-09 23:38:00,SES823406,Direct,,
EVT00000364,USR000107,kyc_pan,mobile_sdk,Android,en,2025-07-10 01:08:00,SES339799,Direct,,
EVT00000365,USR000107,kyc_address,mobile_sdk,Android,en,2025-07-10 02:01:00,SES480024,Direct,,USER_ABANDONED
EVT00000366,USR000108,landing,mobile_sdk,Web-Desktop,te,2025-08-01 00:48:00,SES238461,Direct,1513,
EVT00000367,USR000108,rate_check,mobile_sdk,Web-Desktop,te,2025-08-01 00:58:00,SES427479,Direct,,
EVT00000368,USR000108,register,mobile_sdk,Web-Desktop,te,2025-08-01 03:26:00,SES385323,Direct,,
EVT00000369,USR000108,otp_verify,mobile_sdk,Web-Desktop,te,2025-08-01 03:57:00,SES608925,Direct,,
EVT00000370,USR000108,kyc_pan,mobile_sdk,Web-Desktop,te,2025-08-01 05:30:00,SES797871,Direct,,USER_ABANDONED
EVT00000371M,USR000109,landing,mobile_sdk,Android,bn,2026-02-26 14:09:00,SES679464,Organic search,1342,
EVT00000372M,USR000112,landing,mobile_sdk,Android,en,2025-06-30 20:14:00,SES758641,Email,195,
EVT00000373M,USR000112,rate_check,mobile_sdk,Android,en,2025-06-30 21:22:00,SES593324,Email,,
EVT00000374,USR000113,landing,mobile_sdk,iOS,en,2026-03-17 07:06:00,SES241800,Influencer-YT,2019,
EVT00000375,USR000113,rate_check,mobile_sdk,iOS,en,2026-03-17 09:38:00,SES366554,Influencer-YT,,VKYC_AGENT_BUSY
EVT00000376M,USR000116,landing,mobile_sdk,Android,en,2025-08-17 01:09:00,SES468045,Influencer-YT,2370,
EVT00000377M,USR000116,rate_check,mobile_sdk,Android,en,2025-08-17 00:33:00,SES567257,Influencer-YT,,
EVT00000378,USR000118,landing,mobile_sdk,Android,hi,2026-04-05 13:39:00,SES391269,WhatsApp,3132,
EVT00000379,USR000118,rate_check,mobile_sdk,Android,hi,2026-04-05 15:42:00,SES494289,WhatsApp,,RATE_NOT_COMPETITIVE
EVT00000380,USR000119,landing,mobile_sdk,iOS,ml,2025-12-22 00:44:00,SES446967,Organic search,375,
EVT00000381,USR000119,rate_check,mobile_sdk,iOS,ml,2025-12-22 02:15:00,SES160784,Organic search,,
EVT00000382,USR000119,register,mobile_sdk,iOS,ml,2025-12-22 02:35:00,SES780285,Organic search,,
EVT00000383,USR000119,otp_verify,mobile_sdk,iOS,ml,2025-12-22 03:54:00,SES359851,Organic search,,
EVT00000384,USR000119,kyc_pan,mobile_sdk,iOS,ml,2025-12-22 06:21:00,SES708540,Organic search,,
EVT00000385,USR000119,kyc_address,mobile_sdk,iOS,ml,2025-12-22 07:53:00,SES591265,Organic search,,
EVT00000386,USR000119,vkyc_invite,mobile_sdk,iOS,ml,2025-12-22 10:22:00,SES707074,Organic search,,
EVT00000387,USR000119,vkyc_session,mobile_sdk,iOS,ml,2025-12-22 12:34:00,SES552911,Organic search,,USER_ABANDONED
EVT00000388M,USR000120,landing,mobile_sdk,Android,hi,2025-11-05 16:56:00,SES951292,Influencer-IG,337,
EVT00000389M,USR000120,rate_check,mobile_sdk,Android,hi,2025-11-05 16:38:00,SES209684,Influencer-IG,,
EVT00000390M,USR000120,register,mobile_sdk,Android,hi,2025-11-05 16:52:00,SES930207,Influencer-IG,,
EVT00000391M,USR000120,otp_verify,mobile_sdk,Android,hi,2025-11-05 15:49:00,SES168332,Influencer-IG,,
EVT00000392M,USR000120,kyc_pan,mobile_sdk,Android,hi,2025-11-05 16:53:00,SES118222,Influencer-IG,,
EVT00000393M,USR000120,kyc_address,mobile_sdk,iOS,hi,2025-11-05 16:33:00,SES706747,Influencer-IG,,
EVT00000394M,USR000121,landing,mobile_sdk,Android,hi,2025-09-29 22:35:00,SES765531,Direct,442,
EVT00000395M,USR000121,rate_check,mobile_sdk,Android,hi,2025-09-29 22:16:00,SES525197,Direct,,
EVT00000396M,USR000121,register,mobile_sdk,iOS,hi,2025-09-29 23:38:00,SES214514,Direct,,
EVT00000397M,USR000121,otp_verify,mobile_sdk,Android,hi,2025-09-29 22:44:00,SES344919,Direct,,
EVT00000398M,USR000121,kyc_pan,mobile_sdk,iOS,hi,2025-09-29 22:13:00,SES516468,Direct,,
EVT00000399M,USR000121,kyc_address,mobile_sdk,Android,hi,2025-09-29 22:40:00,SES705342,Direct,,
EVT00000400,USR000122,landing,mobile_sdk,Android,kn,2025-02-26 03:58:00,SES673895,Email,531,
EVT00000401,USR000122,rate_check,mobile_sdk,Android,kn,2025-02-26 05:49:00,SES135015,Email,,
EVT00000402,USR000122,register,mobile_sdk,Android,kn,2025-02-26 08:30:00,SES190962,Email,,
EVT00000403,USR000122,otp_verify,mobile_sdk,Android,kn,2025-02-26 10:31:00,SES930933,Email,,USER_ABANDONED
EVT00000404M,USR000123,landing,mobile_sdk,Android,hi,2026-02-27 00:00:00,SES439343,Referral,1549,
EVT00000405M,USR000123,rate_check,mobile_sdk,iOS,hi,2026-02-27 00:38:00,SES574023,Referral,,
EVT00000406M,USR000123,register,mobile_sdk,Android,hi,2026-02-27 00:09:00,SES202459,Referral,,
EVT00000407M,USR000123,otp_verify,mobile_sdk,Android,hi,2026-02-27 00:50:00,SES721232,Referral,,
EVT00000408,USR000124,landing,mobile_sdk,iOS,en,2025-11-21 07:02:00,SES768035,Organic search,3154,USER_ABANDONED
EVT00000409M,USR000125,landing,mobile_sdk,Android,en,2026-04-21 21:34:00,SES871542,Direct,546,
EVT00000410M,USR000125,rate_check,mobile_sdk,Android,en,2026-04-21 21:43:00,SES655236,Direct,,
EVT00000411M,USR000125,register,mobile_sdk,iOS,en,2026-04-21 22:14:00,SES377455,Direct,,
EVT00000412M,USR000125,otp_verify,mobile_sdk,Android,en,2026-04-21 21:53:00,SES139580,Direct,,
EVT00000413M,USR000125,kyc_pan,mobile_sdk,Android,en,2026-04-21 22:13:00,SES398144,Direct,,
EVT00000414M,USR000125,kyc_address,mobile_sdk,Android,en,2026-04-21 21:11:00,SES919722,Direct,,
EVT00000415,USR000127,landing,mobile_sdk,Android,en,2026-04-19 01:21:00,SES374630,Organic search,2490,
EVT00000416,USR000127,rate_check,mobile_sdk,Android,en,2026-04-19 01:45:00,SES641358,Organic search,,TIMEOUT
EVT00000417M,USR000129,landing,mobile_sdk,Android,hi,2025-07-05 20:53:00,SES860589,Influencer-YT,2074,
EVT00000418M,USR000130,landing,mobile_sdk,Android,hi,2025-08-22 20:45:00,SES527912,Organic search,330,
EVT00000419M,USR000130,rate_check,mobile_sdk,Android,hi,2025-08-22 20:26:00,SES176200,Organic search,,
EVT00000420M,USR000130,register,mobile_sdk,iOS,hi,2025-08-22 20:55:00,SES577182,Organic search,,
EVT00000421M,USR000130,otp_verify,mobile_sdk,Android,hi,2025-08-22 20:14:00,SES424818,Organic search,,
EVT00000422M,USR000130,kyc_pan,mobile_sdk,Android,hi,2025-08-22 19:56:00,SES533730,Organic search,,
EVT00000423M,USR000130,kyc_address,mobile_sdk,Android,hi,2025-08-22 21:22:00,SES633528,Organic search,,
EVT00000424,USR000131,landing,mobile_sdk,iOS,gu,2025-03-05 04:04:00,SES716206,Meta Ads,540,
EVT00000425,USR000131,rate_check,mobile_sdk,iOS,gu,2025-03-05 06:22:00,SES178158,Meta Ads,,RATE_NOT_COMPETITIVE
EVT00000426M,USR000132,landing,mobile_sdk,iOS,en,2025-02-12 08:11:00,SES919083,WhatsApp,772,
EVT00000427M,USR000132,rate_check,mobile_sdk,iOS,en,2025-02-12 06:51:00,SES507689,WhatsApp,,
EVT00000428M,USR000132,register,mobile_sdk,Android,en,2025-02-12 06:48:00,SES703983,WhatsApp,,
EVT00000429M,USR000132,otp_verify,mobile_sdk,Android,en,2025-02-12 07:47:00,SES188764,WhatsApp,,
EVT00000430M,USR000132,kyc_pan,mobile_sdk,iOS,en,2025-02-12 06:54:00,SES688628,WhatsApp,,
EVT00000431M,USR000132,kyc_address,mobile_sdk,Android,en,2025-02-12 06:45:00,SES558776,WhatsApp,,
EVT00000432M,USR000134,landing,mobile_sdk,Android,mr,2026-02-19 01:22:00,SES440152,Referral,137,
EVT00000433,USR000135,landing,mobile_sdk,Android,mr,2025-03-20 17:44:00,SES165261,Referral,816,
EVT00000434,USR000135,rate_check,mobile_sdk,Android,mr,2025-03-20 19:47:00,SES951456,Referral,,
EVT00000435,USR000135,register,mobile_sdk,Android,mr,2025-03-20 22:26:00,SES449035,Referral,,
EVT00000436,USR000135,otp_verify,mobile_sdk,Android,mr,2025-03-21 00:57:00,SES682369,Referral,,
EVT00000437,USR000135,kyc_pan,mobile_sdk,Android,mr,2025-03-21 01:16:00,SES517295,Referral,,
EVT00000438,USR000135,kyc_address,mobile_sdk,Android,mr,2025-03-21 01:17:00,SES345521,Referral,,
EVT00000439,USR000135,vkyc_invite,mobile_sdk,Android,mr,2025-03-21 03:03:00,SES318442,Referral,,
EVT00000440,USR000135,vkyc_session,mobile_sdk,Android,mr,2025-03-21 05:34:00,SES405924,Referral,,DOC_REJECTED
EVT00000441M,USR000136,landing,mobile_sdk,Android,en,2026-04-26 17:13:00,SES133846,Google Ads,801,
EVT00000442M,USR000136,rate_check,mobile_sdk,Android,en,2026-04-26 17:43:00,SES290432,Google Ads,,
EVT00000443M,USR000136,register,mobile_sdk,Android,en,2026-04-26 17:02:00,SES523136,Google Ads,,
EVT00000444M,USR000136,otp_verify,mobile_sdk,Android,en,2026-04-26 17:43:00,SES597841,Google Ads,,
EVT00000445M,USR000136,kyc_pan,mobile_sdk,Android,en,2026-04-26 17:45:00,SES255673,Google Ads,,
EVT00000446M,USR000136,kyc_address,mobile_sdk,Android,en,2026-04-26 16:58:00,SES798672,Google Ads,,
EVT00000447M,USR000137,landing,mobile_sdk,iOS,te,2026-02-16 20:37:00,SES956561,Meta Ads,1705,
EVT00000448M,USR000137,rate_check,mobile_sdk,Android,te,2026-02-16 20:06:00,SES448546,Meta Ads,,
EVT00000449M,USR000137,register,mobile_sdk,Android,te,2026-02-16 19:55:00,SES923457,Meta Ads,,
EVT00000450M,USR000138,landing,mobile_sdk,Android,hi,2026-05-02 03:55:00,SES760233,WhatsApp,1390,
EVT00000451M,USR000138,rate_check,mobile_sdk,iOS,hi,2026-05-02 04:01:00,SES716966,WhatsApp,,
EVT00000452M,USR000138,register,mobile_sdk,Android,hi,2026-05-02 02:52:00,SES919351,WhatsApp,,
EVT00000453M,USR000138,otp_verify,mobile_sdk,Android,hi,2026-05-02 04:13:00,SES588901,WhatsApp,,
EVT00000454M,USR000138,kyc_pan,mobile_sdk,Android,hi,2026-05-02 03:52:00,SES402459,WhatsApp,,
EVT00000455M,USR000139,landing,mobile_sdk,iOS,hi,2025-06-25 05:23:00,SES509303,Direct,615,
EVT00000456M,USR000139,rate_check,mobile_sdk,iOS,hi,2025-06-25 05:36:00,SES742216,Direct,,
EVT00000457,USR000141,landing,mobile_sdk,iOS,hi,2025-03-14 01:05:00,SES237489,WhatsApp,1202,
EVT00000458,USR000141,rate_check,mobile_sdk,iOS,hi,2025-03-14 03:50:00,SES319928,WhatsApp,,
EVT00000459,USR000141,register,mobile_sdk,iOS,hi,2025-03-14 05:20:00,SES568446,WhatsApp,,
EVT00000460,USR000141,otp_verify,mobile_sdk,iOS,hi,2025-03-14 06:11:00,SES563533,WhatsApp,,
EVT00000461,USR000141,kyc_pan,mobile_sdk,iOS,hi,2025-03-14 08:57:00,SES814091,WhatsApp,,
EVT00000462,USR000141,kyc_address,mobile_sdk,iOS,hi,2025-03-14 09:11:00,SES398653,WhatsApp,,
EVT00000463,USR000141,vkyc_invite,mobile_sdk,iOS,hi,2025-03-14 10:54:00,SES609274,WhatsApp,,
EVT00000464,USR000141,vkyc_session,mobile_sdk,iOS,hi,2025-03-14 12:32:00,SES610248,WhatsApp,,
EVT00000465,USR000141,vkyc_complete,mobile_sdk,iOS,hi,2025-03-14 15:01:00,SES788314,WhatsApp,,
EVT00000466,USR000141,bank_link,mobile_sdk,iOS,hi,2025-03-14 15:53:00,SES879492,WhatsApp,,
EVT00000467,USR000141,fd_amount_select,mobile_sdk,iOS,hi,2025-03-14 16:27:00,SES384488,WhatsApp,,
EVT00000468,USR000141,fd_tenure_select,mobile_sdk,iOS,hi,2025-03-14 18:06:00,SES602729,WhatsApp,,
EVT00000469,USR000141,fd_review,mobile_sdk,iOS,hi,2025-03-14 18:27:00,SES717981,WhatsApp,,
EVT00000470,USR000141,fd_book_success,mobile_sdk,iOS,hi,2025-03-14 19:48:00,SES444389,WhatsApp,,
EVT00000471M,USR000142,landing,mobile_sdk,iOS,hi,2025-11-19 17:51:00,SES821157,Google Ads,1257,
EVT00000472M,USR000142,rate_check,mobile_sdk,Android,hi,2025-11-19 17:09:00,SES872554,Google Ads,,
EVT00000473M,USR000142,register,mobile_sdk,iOS,hi,2025-11-19 17:31:00,SES568579,Google Ads,,
EVT00000474M,USR000142,otp_verify,mobile_sdk,iOS,hi,2025-11-19 17:18:00,SES346988,Google Ads,,
EVT00000475M,USR000142,kyc_pan,mobile_sdk,Android,hi,2025-11-19 17:32:00,SES903767,Google Ads,,
EVT00000476M,USR000142,kyc_address,mobile_sdk,iOS,hi,2025-11-19 17:37:00,SES733691,Google Ads,,
EVT00000477,USR000143,landing,mobile_sdk,iOS,en,2025-11-06 03:13:00,SES903219,Organic search,2141,
EVT00000478,USR000143,rate_check,mobile_sdk,iOS,en,2025-11-06 04:13:00,SES692283,Organic search,,
EVT00000479,USR000143,register,mobile_sdk,iOS,en,2025-11-06 05:30:00,SES228138,Organic search,,
EVT00000480,USR000143,otp_verify,mobile_sdk,iOS,en,2025-11-06 06:32:00,SES439268,Organic search,,
EVT00000481,USR000143,kyc_pan,mobile_sdk,iOS,en,2025-11-06 09:12:00,SES399161,Organic search,,
EVT00000482,USR000143,kyc_address,mobile_sdk,iOS,en,2025-11-06 12:08:00,SES395123,Organic search,,
EVT00000483,USR000143,vkyc_invite,mobile_sdk,iOS,en,2025-11-06 13:15:00,SES589123,Organic search,,
EVT00000484,USR000143,vkyc_session,mobile_sdk,iOS,en,2025-11-06 15:13:00,SES155885,Organic search,,
EVT00000485,USR000143,vkyc_complete,mobile_sdk,iOS,en,2025-11-06 16:46:00,SES414737,Organic search,,
EVT00000486,USR000143,bank_link,mobile_sdk,iOS,en,2025-11-06 17:25:00,SES603759,Organic search,,
EVT00000487,USR000143,fd_amount_select,mobile_sdk,iOS,en,2025-11-06 17:42:00,SES163871,Organic search,,
EVT00000488,USR000143,fd_tenure_select,mobile_sdk,iOS,en,2025-11-06 18:47:00,SES582415,Organic search,,
EVT00000489,USR000143,fd_review,mobile_sdk,iOS,en,2025-11-06 19:29:00,SES676304,Organic search,,
EVT00000490,USR000143,fd_book_success,mobile_sdk,iOS,en,2025-11-06 19:44:00,SES578542,Organic search,,
EVT00000491,USR000145,landing,mobile_sdk,Web-Mobile,kn,2025-11-24 16:54:00,SES949252,Influencer-YT,1795,
EVT00000492,USR000145,rate_check,mobile_sdk,Web-Mobile,kn,2025-11-24 17:18:00,SES900141,Influencer-YT,,
EVT00000493,USR000145,register,mobile_sdk,Web-Mobile,kn,2025-11-24 19:22:00,SES170305,Influencer-YT,,
EVT00000494,USR000145,otp_verify,mobile_sdk,Web-Mobile,kn,2025-11-24 20:09:00,SES526069,Influencer-YT,,
EVT00000495,USR000145,kyc_pan,mobile_sdk,Web-Mobile,kn,2025-11-24 22:02:00,SES870516,Influencer-YT,,
EVT00000496,USR000145,kyc_address,mobile_sdk,Web-Mobile,kn,2025-11-25 00:18:00,SES531134,Influencer-YT,,
EVT00000497,USR000145,vkyc_invite,mobile_sdk,Web-Mobile,kn,2025-11-25 01:18:00,SES934174,Influencer-YT,,
EVT00000498,USR000145,vkyc_session,mobile_sdk,Web-Mobile,kn,2025-11-25 03:42:00,SES511386,Influencer-YT,,RATE_NOT_COMPETITIVE
EVT00000499,USR000150,landing,mobile_sdk,Android,en,2025-04-01 18:55:00,SES512864,Direct,1729,
EVT00000500,USR000150,rate_check,mobile_sdk,Android,en,2025-04-01 21:47:00,SES283760,Direct,,
EVT00000501,USR000150,register,mobile_sdk,Android,en,2025-04-01 23:21:00,SES155626,Direct,,
EVT00000502,USR000150,otp_verify,mobile_sdk,Android,en,2025-04-02 00:34:00,SES168502,Direct,,USER_ABANDONED
EVT00000503,USR000152,landing,mobile_sdk,Android,bn,2025-10-20 03:26:00,SES322319,Meta Ads,1571,
EVT00000504,USR000152,rate_check,mobile_sdk,Android,bn,2025-10-20 06:10:00,SES374883,Meta Ads,,
EVT00000505,USR000152,register,mobile_sdk,Android,bn,2025-10-20 07:38:00,SES760173,Meta Ads,,
EVT00000506,USR000152,otp_verify,mobile_sdk,Android,bn,2025-10-20 09:29:00,SES231461,Meta Ads,,
EVT00000507,USR000152,kyc_pan,mobile_sdk,Android,bn,2025-10-20 11:46:00,SES800817,Meta Ads,,
EVT00000508,USR000152,kyc_address,mobile_sdk,Android,bn,2025-10-20 14:32:00,SES102446,Meta Ads,,
EVT00000509,USR000152,vkyc_invite,mobile_sdk,Android,bn,2025-10-20 16:43:00,SES188769,Meta Ads,,
EVT00000510,USR000152,vkyc_session,mobile_sdk,Android,bn,2025-10-20 17:47:00,SES920165,Meta Ads,,
EVT00000511,USR000152,vkyc_complete,mobile_sdk,Android,bn,2025-10-20 19:57:00,SES397507,Meta Ads,,
EVT00000512,USR000152,bank_link,mobile_sdk,Android,bn,2025-10-20 21:54:00,SES933711,Meta Ads,,
EVT00000513,USR000152,fd_amount_select,mobile_sdk,Android,bn,2025-10-20 22:13:00,SES356758,Meta Ads,,
EVT00000514,USR000152,fd_tenure_select,mobile_sdk,Android,bn,2025-10-20 23:19:00,SES912246,Meta Ads,,
EVT00000515,USR000152,fd_review,mobile_sdk,Android,bn,2025-10-21 02:12:00,SES386480,Meta Ads,,
EVT00000516,USR000152,fd_book_success,mobile_sdk,Android,bn,2025-10-21 04:21:00,SES870951,Meta Ads,,
EVT00000517,USR000153,landing,mobile_sdk,Android,en,2026-02-21 20:36:00,SES802416,Email,1246,
EVT00000518,USR000153,rate_check,mobile_sdk,Android,en,2026-02-21 22:05:00,SES804244,Email,,
EVT00000519,USR000153,register,mobile_sdk,Android,en,2026-02-21 23:14:00,SES537956,Email,,
EVT00000520,USR000153,otp_verify,mobile_sdk,Android,en,2026-02-21 23:34:00,SES237510,Email,,
EVT00000521,USR000153,kyc_pan,mobile_sdk,Android,en,2026-02-22 02:12:00,SES124204,Email,,
EVT00000522,USR000153,kyc_address,mobile_sdk,Android,en,2026-02-22 04:58:00,SES551681,Email,,
EVT00000523,USR000153,vkyc_invite,mobile_sdk,Android,en,2026-02-22 07:38:00,SES920256,Email,,
EVT00000524,USR000153,vkyc_session,mobile_sdk,Android,en,2026-02-22 10:10:00,SES576402,Email,,TIMEOUT
EVT00000525,USR000157,landing,mobile_sdk,Web-Mobile,hi,2025-07-28 02:48:00,SES882247,Google Ads,2730,
EVT00000526,USR000157,rate_check,mobile_sdk,Web-Mobile,hi,2025-07-28 04:28:00,SES249095,Google Ads,,VALIDATION_FAIL
EVT00000527M,USR000158,landing,mobile_sdk,Android,en,2025-06-14 01:52:00,SES489511,Direct,1695,
EVT00000528M,USR000158,rate_check,mobile_sdk,Android,en,2025-06-14 02:10:00,SES330309,Direct,,
EVT00000529M,USR000158,register,mobile_sdk,Android,en,2025-06-14 01:43:00,SES731622,Direct,,
EVT00000530M,USR000158,otp_verify,mobile_sdk,Android,en,2025-06-14 01:51:00,SES130916,Direct,,
EVT00000531M,USR000158,kyc_pan,mobile_sdk,Android,en,2025-06-14 01:58:00,SES665703,Direct,,
EVT00000532M,USR000158,kyc_address,mobile_sdk,iOS,en,2025-06-14 01:59:00,SES673513,Direct,,
EVT00000533M,USR000161,landing,mobile_sdk,iOS,en,2026-03-05 01:33:00,SES713857,Meta Ads,312,
EVT00000534M,USR000161,rate_check,mobile_sdk,Android,en,2026-03-05 01:18:00,SES121883,Meta Ads,,
EVT00000535M,USR000161,register,mobile_sdk,iOS,en,2026-03-05 01:15:00,SES363607,Meta Ads,,
EVT00000536M,USR000161,otp_verify,mobile_sdk,Android,en,2026-03-05 01:45:00,SES275895,Meta Ads,,
EVT00000537,USR000162,landing,mobile_sdk,Web-Desktop,en,2025-01-23 09:09:00,SES113663,WhatsApp,2973,
EVT00000538,USR000162,rate_check,mobile_sdk,Web-Desktop,en,2025-01-23 11:52:00,SES206159,WhatsApp,,
EVT00000539,USR000162,register,mobile_sdk,Web-Desktop,en,2025-01-23 12:13:00,SES667719,WhatsApp,,
EVT00000540,USR000162,otp_verify,mobile_sdk,Web-Desktop,en,2025-01-23 15:06:00,SES100436,WhatsApp,,
EVT00000541,USR000162,kyc_pan,mobile_sdk,Web-Desktop,en,2025-01-23 15:53:00,SES160738,WhatsApp,,
EVT00000542,USR000162,kyc_address,mobile_sdk,Web-Desktop,en,2025-01-23 17:35:00,SES612016,WhatsApp,,
EVT00000543,USR000162,vkyc_invite,mobile_sdk,Web-Desktop,en,2025-01-23 20:12:00,SES814216,WhatsApp,,
EVT00000544,USR000162,vkyc_session,mobile_sdk,Web-Desktop,en,2025-01-23 20:31:00,SES870676,WhatsApp,,
EVT00000545,USR000162,vkyc_complete,mobile_sdk,Web-Desktop,en,2025-01-23 23:13:00,SES364948,WhatsApp,,
EVT00000546,USR000162,bank_link,mobile_sdk,Web-Desktop,en,2025-01-24 01:04:00,SES186564,WhatsApp,,
EVT00000547,USR000162,fd_amount_select,mobile_sdk,Web-Desktop,en,2025-01-24 02:45:00,SES535273,WhatsApp,,
EVT00000548,USR000162,fd_tenure_select,mobile_sdk,Web-Desktop,en,2025-01-24 03:56:00,SES606898,WhatsApp,,
EVT00000549,USR000162,fd_review,mobile_sdk,Web-Desktop,en,2025-01-24 04:04:00,SES612453,WhatsApp,,
EVT00000550,USR000162,fd_book_success,mobile_sdk,Web-Desktop,en,2025-01-24 05:01:00,SES463402,WhatsApp,,
EVT00000551,USR000163,landing,mobile_sdk,Android,en,2026-01-09 06:34:00,SES241744,Email,3051,
EVT00000552,USR000163,rate_check,mobile_sdk,Android,en,2026-01-09 08:54:00,SES360010,Email,,VKYC_AGENT_BUSY
EVT00000553,USR000166,landing,mobile_sdk,Web-Desktop,hi,2025-08-15 20:23:00,SES998972,Referral,2897,
EVT00000554,USR000166,rate_check,mobile_sdk,Web-Desktop,hi,2025-08-15 22:05:00,SES614573,Referral,,USER_ABANDONED
EVT00000555,USR000167,landing,mobile_sdk,Android,hi,2025-07-04 01:05:00,SES394411,Direct,2122,
EVT00000556,USR000167,rate_check,mobile_sdk,Android,hi,2025-07-04 02:43:00,SES150587,Direct,,
EVT00000557,USR000167,register,mobile_sdk,Android,hi,2025-07-04 02:59:00,SES550949,Direct,,
EVT00000558,USR000167,otp_verify,mobile_sdk,Android,hi,2025-07-04 05:44:00,SES348404,Direct,,
EVT00000559,USR000167,kyc_pan,mobile_sdk,Android,hi,2025-07-04 07:41:00,SES654029,Direct,,
EVT00000560,USR000167,kyc_address,mobile_sdk,Android,hi,2025-07-04 10:20:00,SES272512,Direct,,
EVT00000561,USR000167,vkyc_invite,mobile_sdk,Android,hi,2025-07-04 10:52:00,SES669779,Direct,,
EVT00000562,USR000168,landing,mobile_sdk,Android,hi,2025-08-12 22:36:00,SES126659,Influencer-IG,2243,
EVT00000563,USR000168,rate_check,mobile_sdk,Android,hi,2025-08-13 00:37:00,SES750802,Influencer-IG,,
EVT00000564,USR000168,register,mobile_sdk,Android,hi,2025-08-13 02:54:00,SES854968,Influencer-IG,,USER_ABANDONED
EVT00000565M,USR000170,landing,mobile_sdk,Android,en,2025-05-15 07:07:00,SES322333,Influencer-IG,221,
EVT00000566M,USR000170,rate_check,mobile_sdk,Android,en,2025-05-15 07:49:00,SES925781,Influencer-IG,,
EVT00000567M,USR000170,register,mobile_sdk,Android,en,2025-05-15 06:44:00,SES261391,Influencer-IG,,
EVT00000568M,USR000170,otp_verify,mobile_sdk,Android,en,2025-05-15 07:39:00,SES374612,Influencer-IG,,
EVT00000569M,USR000170,kyc_pan,mobile_sdk,iOS,en,2025-05-15 07:05:00,SES913504,Influencer-IG,,
EVT00000570M,USR000170,kyc_address,mobile_sdk,iOS,en,2025-05-15 07:17:00,SES193700,Influencer-IG,,
EVT00000571M,USR000172,landing,mobile_sdk,iOS,en,2026-03-19 21:55:00,SES162995,Influencer-YT,1749,
EVT00000572M,USR000172,rate_check,mobile_sdk,iOS,en,2026-03-19 21:53:00,SES586985,Influencer-YT,,
EVT00000573M,USR000172,register,mobile_sdk,Android,en,2026-03-19 20:42:00,SES240025,Influencer-YT,,
EVT00000574M,USR000172,otp_verify,mobile_sdk,Android,en,2026-03-19 21:55:00,SES210837,Influencer-YT,,
EVT00000575M,USR000173,landing,mobile_sdk,iOS,en,2025-12-18 16:09:00,SES607504,Meta Ads,947,
EVT00000576M,USR000173,rate_check,mobile_sdk,Android,en,2025-12-18 16:47:00,SES113101,Meta Ads,,
EVT00000577M,USR000173,register,mobile_sdk,iOS,en,2025-12-18 15:50:00,SES660077,Meta Ads,,
EVT00000578M,USR000173,otp_verify,mobile_sdk,Android,en,2025-12-18 17:12:00,SES539546,Meta Ads,,
EVT00000579M,USR000173,kyc_pan,mobile_sdk,Android,en,2025-12-18 16:29:00,SES595619,Meta Ads,,
EVT00000580M,USR000173,kyc_address,mobile_sdk,iOS,en,2025-12-18 16:34:00,SES980708,Meta Ads,,
EVT00000581M,USR000174,landing,mobile_sdk,iOS,hi,2026-01-04 03:11:00,SES664520,WhatsApp,2453,
EVT00000582M,USR000174,rate_check,mobile_sdk,iOS,hi,2026-01-04 03:17:00,SES950648,WhatsApp,,
EVT00000583M,USR000174,register,mobile_sdk,iOS,hi,2026-01-04 03:42:00,SES492090,WhatsApp,,
EVT00000584M,USR000175,landing,mobile_sdk,Android,mr,2026-04-28 04:05:00,SES809207,Referral,189,
EVT00000585M,USR000175,rate_check,mobile_sdk,iOS,mr,2026-04-28 04:47:00,SES164775,Referral,,
EVT00000586M,USR000175,register,mobile_sdk,iOS,mr,2026-04-28 05:24:00,SES468204,Referral,,
EVT00000587M,USR000175,otp_verify,mobile_sdk,Android,mr,2026-04-28 04:14:00,SES498437,Referral,,
EVT00000588M,USR000175,kyc_pan,mobile_sdk,iOS,mr,2026-04-28 05:22:00,SES247674,Referral,,
EVT00000589M,USR000175,kyc_address,mobile_sdk,Android,mr,2026-04-28 05:25:00,SES615174,Referral,,
EVT00000590M,USR000176,landing,mobile_sdk,Android,gu,2025-06-13 18:30:00,SES854596,Direct,1793,
EVT00000591M,USR000176,rate_check,mobile_sdk,iOS,gu,2025-06-13 18:49:00,SES302388,Direct,,
EVT00000592M,USR000177,landing,mobile_sdk,Android,en,2025-10-23 14:01:00,SES416063,Organic search,654,
EVT00000593M,USR000177,rate_check,mobile_sdk,Android,en,2025-10-23 13:34:00,SES653928,Organic search,,
EVT00000594M,USR000177,register,mobile_sdk,Android,en,2025-10-23 13:47:00,SES125355,Organic search,,
EVT00000595M,USR000177,otp_verify,mobile_sdk,Android,en,2025-10-23 14:30:00,SES989753,Organic search,,
EVT00000596M,USR000177,kyc_pan,mobile_sdk,Android,en,2025-10-23 14:02:00,SES687360,Organic search,,
EVT00000597M,USR000177,kyc_address,mobile_sdk,Android,en,2025-10-23 13:14:00,SES465375,Organic search,,
EVT00000598M,USR000179,landing,mobile_sdk,Android,mr,2026-01-02 19:18:00,SES773601,Influencer-YT,1980,
EVT00000599M,USR000180,landing,mobile_sdk,iOS,mr,2026-01-08 14:31:00,SES424236,Influencer-IG,561,
EVT00000600M,USR000180,rate_check,mobile_sdk,iOS,mr,2026-01-08 15:14:00,SES426529,Influencer-IG,,
EVT00000601M,USR000180,register,mobile_sdk,Android,mr,2026-01-08 14:18:00,SES776048,Influencer-IG,,
EVT00000602M,USR000180,otp_verify,mobile_sdk,Android,mr,2026-01-08 15:08:00,SES785897,Influencer-IG,,
EVT00000603M,USR000181,landing,mobile_sdk,iOS,ml,2025-08-14 13:23:00,SES346727,Meta Ads,1403,
EVT00000604M,USR000181,rate_check,mobile_sdk,Android,ml,2025-08-14 12:55:00,SES844521,Meta Ads,,
EVT00000605M,USR000184,landing,mobile_sdk,Android,kn,2025-03-29 05:57:00,SES304595,Organic search,1988,
EVT00000606M,USR000184,rate_check,mobile_sdk,iOS,kn,2025-03-29 07:06:00,SES649340,Organic search,,
EVT00000607M,USR000184,register,mobile_sdk,Android,kn,2025-03-29 07:17:00,SES859755,Organic search,,
EVT00000608M,USR000184,otp_verify,mobile_sdk,Android,kn,2025-03-29 07:17:00,SES892470,Organic search,,
EVT00000609M,USR000184,kyc_pan,mobile_sdk,Android,kn,2025-03-29 05:58:00,SES164397,Organic search,,
EVT00000610M,USR000184,kyc_address,mobile_sdk,Android,kn,2025-03-29 07:06:00,SES900685,Organic search,,
EVT00000611M,USR000185,landing,mobile_sdk,iOS,hi,2025-08-16 03:20:00,SES576413,Referral,669,
EVT00000612M,USR000185,rate_check,mobile_sdk,iOS,hi,2025-08-16 02:15:00,SES828272,Referral,,
EVT00000613M,USR000185,register,mobile_sdk,Android,hi,2025-08-16 02:13:00,SES528762,Referral,,
EVT00000614M,USR000185,otp_verify,mobile_sdk,iOS,hi,2025-08-16 03:02:00,SES349258,Referral,,
EVT00000615M,USR000185,kyc_pan,mobile_sdk,iOS,hi,2025-08-16 02:15:00,SES509408,Referral,,
EVT00000616M,USR000185,kyc_address,mobile_sdk,iOS,hi,2025-08-16 03:08:00,SES767727,Referral,,
EVT00000617,USR000186,landing,mobile_sdk,Android,hi,2025-10-04 12:38:00,SES439533,Influencer-IG,1618,
EVT00000618,USR000186,rate_check,mobile_sdk,Android,hi,2025-10-04 12:52:00,SES738976,Influencer-IG,,DOC_REJECTED
EVT00000619M,USR000187,landing,mobile_sdk,Android,bn,2026-02-08 05:30:00,SES144195,Influencer-IG,886,
EVT00000620M,USR000187,rate_check,mobile_sdk,Android,bn,2026-02-08 05:11:00,SES866084,Influencer-IG,,
EVT00000621M,USR000187,register,mobile_sdk,Android,bn,2026-02-08 04:41:00,SES376047,Influencer-IG,,
EVT00000622M,USR000187,otp_verify,mobile_sdk,iOS,bn,2026-02-08 04:16:00,SES689744,Influencer-IG,,
EVT00000623M,USR000187,kyc_pan,mobile_sdk,Android,bn,2026-02-08 04:21:00,SES269593,Influencer-IG,,
EVT00000624M,USR000187,kyc_address,mobile_sdk,iOS,bn,2026-02-08 04:49:00,SES415465,Influencer-IG,,
EVT00000625,USR000188,landing,mobile_sdk,Web-Desktop,mr,2025-03-03 12:31:00,SES369970,Email,355,
EVT00000626,USR000188,rate_check,mobile_sdk,Web-Desktop,mr,2025-03-03 14:59:00,SES282777,Email,,
EVT00000627,USR000188,register,mobile_sdk,Web-Desktop,mr,2025-03-03 17:21:00,SES917743,Email,,
EVT00000628,USR000188,otp_verify,mobile_sdk,Web-Desktop,mr,2025-03-03 19:03:00,SES463430,Email,,
EVT00000629,USR000188,kyc_pan,mobile_sdk,Web-Desktop,mr,2025-03-03 19:09:00,SES617209,Email,,
EVT00000630,USR000188,kyc_address,mobile_sdk,Web-Desktop,mr,2025-03-03 19:15:00,SES968465,Email,,USER_ABANDONED
EVT00000631M,USR000189,landing,mobile_sdk,iOS,hi,2026-03-03 04:45:00,SES399079,WhatsApp,981,
EVT00000632M,USR000189,rate_check,mobile_sdk,Android,hi,2026-03-03 04:57:00,SES437432,WhatsApp,,
EVT00000633M,USR000189,register,mobile_sdk,Android,hi,2026-03-03 05:00:00,SES746874,WhatsApp,,
EVT00000634,USR000190,landing,mobile_sdk,Android,hi,2025-04-18 01:43:00,SES542151,Organic search,2228,USER_ABANDONED
EVT00000635M,USR000191,landing,mobile_sdk,Android,kn,2026-05-01 08:21:00,SES141718,Referral,1730,
EVT00000636M,USR000191,rate_check,mobile_sdk,iOS,kn,2026-05-01 09:04:00,SES423239,Referral,,
EVT00000637M,USR000191,register,mobile_sdk,Android,kn,2026-05-01 09:01:00,SES477004,Referral,,
EVT00000638M,USR000191,otp_verify,mobile_sdk,Android,kn,2026-05-01 09:07:00,SES267075,Referral,,
EVT00000639M,USR000191,kyc_pan,mobile_sdk,Android,kn,2026-05-01 09:15:00,SES402876,Referral,,
EVT00000640M,USR000191,kyc_address,mobile_sdk,iOS,kn,2026-05-01 08:38:00,SES157000,Referral,,
EVT00000641M,USR000192,landing,mobile_sdk,Android,en,2025-11-15 15:42:00,SES116158,WhatsApp,1414,
EVT00000642M,USR000192,rate_check,mobile_sdk,Android,en,2025-11-15 16:35:00,SES460966,WhatsApp,,
EVT00000643M,USR000192,register,mobile_sdk,iOS,en,2025-11-15 15:50:00,SES966261,WhatsApp,,
EVT00000644M,USR000192,otp_verify,mobile_sdk,iOS,en,2025-11-15 16:34:00,SES887382,WhatsApp,,
EVT00000645M,USR000193,landing,mobile_sdk,Android,hi,2025-12-23 17:02:00,SES502835,Referral,2334,
EVT00000646M,USR000193,rate_check,mobile_sdk,iOS,hi,2025-12-23 17:04:00,SES380361,Referral,,
EVT00000647M,USR000193,register,mobile_sdk,Android,hi,2025-12-23 17:14:00,SES275955,Referral,,
EVT00000648M,USR000193,otp_verify,mobile_sdk,iOS,hi,2025-12-23 16:49:00,SES634931,Referral,,
EVT00000649M,USR000193,kyc_pan,mobile_sdk,Android,hi,2025-12-23 16:38:00,SES156361,Referral,,
EVT00000650,USR000194,landing,mobile_sdk,Android,bn,2026-04-10 10:44:00,SES772215,Organic search,1265,
EVT00000651,USR000194,rate_check,mobile_sdk,Android,bn,2026-04-10 11:48:00,SES350262,Organic search,,RATE_NOT_COMPETITIVE
EVT00000652M,USR000195,landing,mobile_sdk,iOS,en,2025-12-16 23:23:00,SES822923,Direct,1395,
EVT00000653M,USR000195,rate_check,mobile_sdk,Android,en,2025-12-16 23:29:00,SES504369,Direct,,
EVT00000654M,USR000195,register,mobile_sdk,Android,en,2025-12-16 23:12:00,SES548160,Direct,,
EVT00000655M,USR000195,otp_verify,mobile_sdk,Android,en,2025-12-16 23:29:00,SES994173,Direct,,
EVT00000656M,USR000197,landing,mobile_sdk,Android,te,2025-02-25 04:51:00,SES102648,Referral,2248,
EVT00000657M,USR000197,rate_check,mobile_sdk,Android,te,2025-02-25 04:37:00,SES370840,Referral,,
EVT00000658M,USR000197,register,mobile_sdk,Android,te,2025-02-25 05:11:00,SES384482,Referral,,
EVT00000659M,USR000197,otp_verify,mobile_sdk,Android,te,2025-02-25 05:35:00,SES766753,Referral,,
EVT00000660M,USR000197,kyc_pan,mobile_sdk,Android,te,2025-02-25 05:19:00,SES641882,Referral,,
EVT00000661M,USR000197,kyc_address,mobile_sdk,iOS,te,2025-02-25 04:45:00,SES538212,Referral,,
EVT00000662M,USR000198,landing,mobile_sdk,Android,hi,2025-06-25 00:28:00,SES691800,Influencer-YT,268,
EVT00000663M,USR000198,rate_check,mobile_sdk,iOS,hi,2025-06-24 23:03:00,SES303125,Influencer-YT,,
EVT00000664M,USR000198,register,mobile_sdk,iOS,hi,2025-06-24 23:17:00,SES120801,Influencer-YT,,
EVT00000665M,USR000198,otp_verify,mobile_sdk,iOS,hi,2025-06-25 00:29:00,SES413725,Influencer-YT,,
EVT00000666M,USR000199,landing,mobile_sdk,Android,en,2026-04-02 18:13:00,SES206560,Influencer-IG,1689,
EVT00000667M,USR000199,rate_check,mobile_sdk,Android,en,2026-04-02 18:39:00,SES908937,Influencer-IG,,
EVT00000668M,USR000199,register,mobile_sdk,iOS,en,2026-04-02 17:23:00,SES396740,Influencer-IG,,
EVT00000669M,USR000199,otp_verify,mobile_sdk,iOS,en,2026-04-02 18:15:00,SES310933,Influencer-IG,,
EVT00000670M,USR000200,landing,mobile_sdk,Android,te,2025-06-17 10:33:00,SES498814,Influencer-IG,131,
EVT00000671M,USR000200,rate_check,mobile_sdk,Android,te,2025-06-17 11:26:00,SES970753,Influencer-IG,,
EVT00000672M,USR000200,register,mobile_sdk,Android,te,2025-06-17 10:50:00,SES812741,Influencer-IG,,
EVT00000673M,USR000200,otp_verify,mobile_sdk,Android,te,2025-06-17 10:47:00,SES883611,Influencer-IG,,
EVT00000674M,USR000200,kyc_pan,mobile_sdk,Android,te,2025-06-17 10:50:00,SES484450,Influencer-IG,,
EVT00000675M,USR000200,kyc_address,mobile_sdk,iOS,te,2025-06-17 10:33:00,SES769324,Influencer-IG,,
EVT00000676M,USR000201,landing,mobile_sdk,Android,mr,2025-02-15 21:48:00,SES481329,Referral,814,
EVT00000677M,USR000201,rate_check,mobile_sdk,iOS,mr,2025-02-15 21:45:00,SES248595,Referral,,
EVT00000678M,USR000201,register,mobile_sdk,Android,mr,2025-02-15 20:55:00,SES786961,Referral,,
EVT00000679M,USR000201,otp_verify,mobile_sdk,Android,mr,2025-02-15 20:45:00,SES435079,Referral,,
EVT00000680M,USR000201,kyc_pan,mobile_sdk,iOS,mr,2025-02-15 21:10:00,SES348676,Referral,,
EVT00000681,USR000202,landing,mobile_sdk,Android,hi,2025-11-06 09:30:00,SES336649,Influencer-IG,2690,USER_ABANDONED
EVT00000682,USR000203,landing,mobile_sdk,Android,mr,2025-12-06 00:48:00,SES656612,Organic search,2655,
EVT00000683,USR000203,rate_check,mobile_sdk,Android,mr,2025-12-06 02:22:00,SES986720,Organic search,,
EVT00000684,USR000203,register,mobile_sdk,Android,mr,2025-12-06 03:13:00,SES380974,Organic search,,USER_ABANDONED
EVT00000685,USR000204,landing,mobile_sdk,Web-Mobile,en,2025-07-17 05:36:00,SES539175,Google Ads,2483,
EVT00000686,USR000204,rate_check,mobile_sdk,Web-Mobile,en,2025-07-17 08:27:00,SES336417,Google Ads,,VALIDATION_FAIL
EVT00000687,USR000205,landing,mobile_sdk,iOS,hi,2025-05-30 04:02:00,SES633849,Organic search,1698,
EVT00000688,USR000205,rate_check,mobile_sdk,iOS,hi,2025-05-30 04:19:00,SES651357,Organic search,,
EVT00000689,USR000205,register,mobile_sdk,iOS,hi,2025-05-30 06:42:00,SES373295,Organic search,,
EVT00000690,USR000205,otp_verify,mobile_sdk,iOS,hi,2025-05-30 09:19:00,SES691218,Organic search,,
EVT00000691,USR000205,kyc_pan,mobile_sdk,iOS,hi,2025-05-30 10:36:00,SES655614,Organic search,,
EVT00000692,USR000205,kyc_address,mobile_sdk,iOS,hi,2025-05-30 13:05:00,SES687775,Organic search,,USER_ABANDONED
EVT00000693,USR000206,landing,mobile_sdk,Android,en,2025-12-24 00:06:00,SES845997,Organic search,1034,
EVT00000694,USR000206,rate_check,mobile_sdk,Android,en,2025-12-24 00:58:00,SES650109,Organic search,,RATE_NOT_COMPETITIVE
EVT00000695M,USR000207,landing,mobile_sdk,Android,bn,2025-12-23 19:11:00,SES418748,Email,1151,
EVT00000696M,USR000207,rate_check,mobile_sdk,Android,bn,2025-12-23 18:32:00,SES577081,Email,,
EVT00000697M,USR000207,register,mobile_sdk,Android,bn,2025-12-23 17:46:00,SES812410,Email,,
EVT00000698M,USR000207,otp_verify,mobile_sdk,iOS,bn,2025-12-23 18:29:00,SES640880,Email,,
EVT00000699M,USR000207,kyc_pan,mobile_sdk,Android,bn,2025-12-23 19:03:00,SES883916,Email,,
EVT00000700,USR000208,landing,mobile_sdk,Web-Mobile,hi,2025-03-04 19:17:00,SES516184,Direct,2599,
EVT00000701,USR000208,rate_check,mobile_sdk,Web-Mobile,hi,2025-03-04 19:52:00,SES271761,Direct,,VALIDATION_FAIL
EVT00000702M,USR000211,landing,mobile_sdk,Android,en,2025-11-09 15:02:00,SES445909,WhatsApp,1340,
EVT00000703,USR000212,landing,mobile_sdk,Web-Mobile,en,2025-03-05 19:44:00,SES401196,Organic search,1162,USER_ABANDONED
EVT00000704M,USR000216,landing,mobile_sdk,Android,en,2025-06-02 12:17:00,SES141673,Google Ads,340,
EVT00000705M,USR000216,rate_check,mobile_sdk,Android,en,2025-06-02 12:47:00,SES235119,Google Ads,,
EVT00000706M,USR000216,register,mobile_sdk,iOS,en,2025-06-02 12:41:00,SES856359,Google Ads,,
EVT00000707M,USR000216,otp_verify,mobile_sdk,Android,en,2025-06-02 13:11:00,SES859204,Google Ads,,
EVT00000708,USR000218,landing,mobile_sdk,iOS,hi,2025-03-17 23:33:00,SES267750,WhatsApp,858,
EVT00000709,USR000218,rate_check,mobile_sdk,iOS,hi,2025-03-18 00:15:00,SES655827,WhatsApp,,
EVT00000710,USR000218,register,mobile_sdk,iOS,hi,2025-03-18 01:06:00,SES647402,WhatsApp,,
EVT00000711,USR000218,otp_verify,mobile_sdk,iOS,hi,2025-03-18 01:28:00,SES306410,WhatsApp,,
EVT00000712,USR000218,kyc_pan,mobile_sdk,iOS,hi,2025-03-18 02:52:00,SES285180,WhatsApp,,
EVT00000713,USR000218,kyc_address,mobile_sdk,iOS,hi,2025-03-18 03:48:00,SES454262,WhatsApp,,
EVT00000714,USR000218,vkyc_invite,mobile_sdk,iOS,hi,2025-03-18 03:56:00,SES503473,WhatsApp,,VKYC_AGENT_BUSY
EVT00000715,USR000220,landing,mobile_sdk,Android,hi,2025-06-04 20:48:00,SES718935,Influencer-YT,814,
EVT00000716,USR000220,rate_check,mobile_sdk,Android,hi,2025-06-04 22:23:00,SES506711,Influencer-YT,,
EVT00000717,USR000220,register,mobile_sdk,Android,hi,2025-06-04 22:30:00,SES647778,Influencer-YT,,
EVT00000718,USR000220,otp_verify,mobile_sdk,Android,hi,2025-06-05 01:16:00,SES694856,Influencer-YT,,
EVT00000719,USR000220,kyc_pan,mobile_sdk,Android,hi,2025-06-05 02:15:00,SES831213,Influencer-YT,,
EVT00000720,USR000220,kyc_address,mobile_sdk,Android,hi,2025-06-05 02:24:00,SES393120,Influencer-YT,,
EVT00000721,USR000220,vkyc_invite,mobile_sdk,Android,hi,2025-06-05 03:05:00,SES827856,Influencer-YT,,
EVT00000722,USR000220,vkyc_session,mobile_sdk,Android,hi,2025-06-05 06:03:00,SES298360,Influencer-YT,,TIMEOUT
EVT00000723,USR000221,landing,mobile_sdk,Android,ta,2026-02-23 15:31:00,SES306308,Organic search,1580,
EVT00000724,USR000221,rate_check,mobile_sdk,Android,ta,2026-02-23 16:31:00,SES317288,Organic search,,
EVT00000725,USR000221,register,mobile_sdk,Android,ta,2026-02-23 18:26:00,SES633163,Organic search,,
EVT00000726,USR000221,otp_verify,mobile_sdk,Android,ta,2026-02-23 20:56:00,SES482951,Organic search,,
EVT00000727,USR000221,kyc_pan,mobile_sdk,Android,ta,2026-02-23 21:17:00,SES866891,Organic search,,
EVT00000728,USR000221,kyc_address,mobile_sdk,Android,ta,2026-02-23 23:54:00,SES122682,Organic search,,
EVT00000729,USR000221,vkyc_invite,mobile_sdk,Android,ta,2026-02-24 00:03:00,SES707446,Organic search,,
EVT00000730,USR000221,vkyc_session,mobile_sdk,Android,ta,2026-02-24 01:12:00,SES456807,Organic search,,
EVT00000731,USR000221,vkyc_complete,mobile_sdk,Android,ta,2026-02-24 02:45:00,SES698089,Organic search,,
EVT00000732,USR000221,bank_link,mobile_sdk,Android,ta,2026-02-24 04:56:00,SES833283,Organic search,,
EVT00000733,USR000221,fd_amount_select,mobile_sdk,Android,ta,2026-02-24 06:25:00,SES947901,Organic search,,
EVT00000734,USR000221,fd_tenure_select,mobile_sdk,Android,ta,2026-02-24 06:59:00,SES335924,Organic search,,
EVT00000735,USR000221,fd_review,mobile_sdk,Android,ta,2026-02-24 09:58:00,SES813982,Organic search,,
EVT00000736,USR000221,fd_book_success,mobile_sdk,Android,ta,2026-02-24 10:00:00,SES605470,Organic search,,
EVT00000737,USR000222,landing,mobile_sdk,iOS,hi,2025-09-25 10:23:00,SES556897,WhatsApp,2649,
EVT00000738,USR000222,rate_check,mobile_sdk,iOS,hi,2025-09-25 12:32:00,SES965917,WhatsApp,,VKYC_AGENT_BUSY
EVT00000739,USR000223,landing,mobile_sdk,Web-Desktop,en,2025-06-12 14:00:00,SES854026,Direct,2760,
EVT00000740,USR000223,rate_check,mobile_sdk,Web-Desktop,en,2025-06-12 14:44:00,SES879254,Direct,,
EVT00000741,USR000223,register,mobile_sdk,Web-Desktop,en,2025-06-12 15:53:00,SES674317,Direct,,
EVT00000742,USR000223,otp_verify,mobile_sdk,Web-Desktop,en,2025-06-12 17:27:00,SES777717,Direct,,
EVT00000743,USR000223,kyc_pan,mobile_sdk,Web-Desktop,en,2025-06-12 19:00:00,SES143347,Direct,,
EVT00000744,USR000223,kyc_address,mobile_sdk,Web-Desktop,en,2025-06-12 20:38:00,SES699131,Direct,,
EVT00000745,USR000223,vkyc_invite,mobile_sdk,Web-Desktop,en,2025-06-12 21:14:00,SES580325,Direct,,
EVT00000746,USR000223,vkyc_session,mobile_sdk,Web-Desktop,en,2025-06-13 00:04:00,SES100708,Direct,,
EVT00000747,USR000223,vkyc_complete,mobile_sdk,Web-Desktop,en,2025-06-13 01:30:00,SES958533,Direct,,
EVT00000748,USR000223,bank_link,mobile_sdk,Web-Desktop,en,2025-06-13 04:25:00,SES486906,Direct,,
EVT00000749,USR000223,fd_amount_select,mobile_sdk,Web-Desktop,en,2025-06-13 07:08:00,SES800439,Direct,,
EVT00000750,USR000223,fd_tenure_select,mobile_sdk,Web-Desktop,en,2025-06-13 09:49:00,SES208321,Direct,,
EVT00000751,USR000223,fd_review,mobile_sdk,Web-Desktop,en,2025-06-13 12:40:00,SES165116,Direct,,
EVT00000752,USR000223,fd_book_success,mobile_sdk,Web-Desktop,en,2025-06-13 14:15:00,SES472335,Direct,,
EVT00000753M,USR000225,landing,mobile_sdk,iOS,hi,2025-07-29 06:51:00,SES531239,Google Ads,2305,
EVT00000754M,USR000225,rate_check,mobile_sdk,Android,hi,2025-07-29 05:28:00,SES872964,Google Ads,,
EVT00000755M,USR000225,register,mobile_sdk,iOS,hi,2025-07-29 05:34:00,SES295386,Google Ads,,
EVT00000756,USR000226,landing,mobile_sdk,iOS,en,2025-03-28 21:43:00,SES389024,Organic search,2582,
EVT00000757,USR000226,rate_check,mobile_sdk,iOS,en,2025-03-28 23:36:00,SES675692,Organic search,,
EVT00000758,USR000226,register,mobile_sdk,iOS,en,2025-03-29 01:28:00,SES559608,Organic search,,
EVT00000759,USR000226,otp_verify,mobile_sdk,iOS,en,2025-03-29 04:20:00,SES499859,Organic search,,
EVT00000760,USR000226,kyc_pan,mobile_sdk,iOS,en,2025-03-29 05:02:00,SES630855,Organic search,,
EVT00000761,USR000226,kyc_address,mobile_sdk,iOS,en,2025-03-29 06:02:00,SES138811,Organic search,,
EVT00000762,USR000226,vkyc_invite,mobile_sdk,iOS,en,2025-03-29 08:51:00,SES872854,Organic search,,RATE_NOT_COMPETITIVE
EVT00000763,USR000228,landing,mobile_sdk,Web-Mobile,mr,2025-12-08 14:33:00,SES209875,Influencer-YT,640,
EVT00000764,USR000228,rate_check,mobile_sdk,Web-Mobile,mr,2025-12-08 16:37:00,SES422322,Influencer-YT,,
EVT00000765,USR000228,register,mobile_sdk,Web-Mobile,mr,2025-12-08 19:25:00,SES120706,Influencer-YT,,USER_ABANDONED
EVT00000766,USR000229,landing,mobile_sdk,iOS,te,2025-09-15 08:14:00,SES789851,Google Ads,3371,
EVT00000767,USR000229,rate_check,mobile_sdk,iOS,te,2025-09-15 10:07:00,SES277784,Google Ads,,
EVT00000768,USR000229,register,mobile_sdk,iOS,te,2025-09-15 13:04:00,SES174854,Google Ads,,
EVT00000769,USR000229,otp_verify,mobile_sdk,iOS,te,2025-09-15 14:20:00,SES697704,Google Ads,,
EVT00000770,USR000229,kyc_pan,mobile_sdk,iOS,te,2025-09-15 14:28:00,SES396987,Google Ads,,
EVT00000771,USR000229,kyc_address,mobile_sdk,iOS,te,2025-09-15 15:22:00,SES117066,Google Ads,,
EVT00000772,USR000229,vkyc_invite,mobile_sdk,iOS,te,2025-09-15 17:09:00,SES403209,Google Ads,,VALIDATION_FAIL
EVT00000773,USR000231,landing,mobile_sdk,Android,bn,2026-01-04 02:20:00,SES130641,Referral,3459,
EVT00000774,USR000231,rate_check,mobile_sdk,Android,bn,2026-01-04 02:23:00,SES327569,Referral,,VKYC_AGENT_BUSY
EVT00000775M,USR000232,landing,mobile_sdk,Android,en,2025-03-31 19:51:00,SES551572,Influencer-IG,1942,
EVT00000776M,USR000232,rate_check,mobile_sdk,Android,en,2025-03-31 19:43:00,SES380256,Influencer-IG,,
EVT00000777M,USR000233,landing,mobile_sdk,iOS,en,2025-05-13 09:12:00,SES597160,Direct,331,
EVT00000778M,USR000233,rate_check,mobile_sdk,Android,en,2025-05-13 09:04:00,SES341522,Direct,,
EVT00000779M,USR000233,register,mobile_sdk,Android,en,2025-05-13 09:10:00,SES451224,Direct,,
EVT00000780,USR000235,landing,mobile_sdk,Android,en,2025-02-24 15:48:00,SES433024,Google Ads,1604,
EVT00000781,USR000235,rate_check,mobile_sdk,Android,en,2025-02-24 18:47:00,SES137783,Google Ads,,
EVT00000782,USR000235,register,mobile_sdk,Android,en,2025-02-24 20:55:00,SES177994,Google Ads,,
EVT00000783,USR000235,otp_verify,mobile_sdk,Android,en,2025-02-24 20:57:00,SES560022,Google Ads,,
EVT00000784,USR000235,kyc_pan,mobile_sdk,Android,en,2025-02-24 21:06:00,SES672250,Google Ads,,
EVT00000785,USR000235,kyc_address,mobile_sdk,Android,en,2025-02-24 22:25:00,SES436467,Google Ads,,
EVT00000786,USR000235,vkyc_invite,mobile_sdk,Android,en,2025-02-24 23:11:00,SES415245,Google Ads,,
EVT00000787,USR000235,vkyc_session,mobile_sdk,Android,en,2025-02-25 01:32:00,SES642701,Google Ads,,
EVT00000788,USR000235,vkyc_complete,mobile_sdk,Android,en,2025-02-25 01:41:00,SES875620,Google Ads,,
EVT00000789,USR000235,bank_link,mobile_sdk,Android,en,2025-02-25 04:34:00,SES721785,Google Ads,,
EVT00000790,USR000235,fd_amount_select,mobile_sdk,Android,en,2025-02-25 05:33:00,SES952037,Google Ads,,
EVT00000791,USR000235,fd_tenure_select,mobile_sdk,Android,en,2025-02-25 05:43:00,SES203950,Google Ads,,
EVT00000792,USR000235,fd_review,mobile_sdk,Android,en,2025-02-25 08:13:00,SES871105,Google Ads,,
EVT00000793,USR000235,fd_book_success,mobile_sdk,Android,en,2025-02-25 10:41:00,SES349091,Google Ads,,
EVT00000794M,USR000236,landing,mobile_sdk,Android,ta,2025-12-05 14:26:00,SES629603,Influencer-IG,588,
EVT00000795M,USR000237,landing,mobile_sdk,Android,hi,2026-02-05 03:47:00,SES865030,Direct,675,
EVT00000796M,USR000237,rate_check,mobile_sdk,Android,hi,2026-02-05 04:25:00,SES384258,Direct,,
EVT00000797M,USR000238,landing,mobile_sdk,Android,en,2025-05-08 12:09:00,SES824739,Referral,671,
EVT00000798M,USR000238,rate_check,mobile_sdk,Android,en,2025-05-08 11:12:00,SES930871,Referral,,
EVT00000799M,USR000238,register,mobile_sdk,Android,en,2025-05-08 11:51:00,SES828357,Referral,,
EVT00000800M,USR000238,otp_verify,mobile_sdk,Android,en,2025-05-08 11:34:00,SES898986,Referral,,
EVT00000801,USR000239,landing,mobile_sdk,iOS,en,2025-04-25 12:28:00,SES287081,Direct,404,
EVT00000802,USR000239,rate_check,mobile_sdk,iOS,en,2025-04-25 15:20:00,SES361040,Direct,,
EVT00000803,USR000239,register,mobile_sdk,iOS,en,2025-04-25 16:59:00,SES187972,Direct,,
EVT00000804,USR000239,otp_verify,mobile_sdk,iOS,en,2025-04-25 18:39:00,SES774163,Direct,,
EVT00000805,USR000239,kyc_pan,mobile_sdk,iOS,en,2025-04-25 19:01:00,SES567892,Direct,,
EVT00000806,USR000239,kyc_address,mobile_sdk,iOS,en,2025-04-25 19:40:00,SES718272,Direct,,
EVT00000807,USR000239,vkyc_invite,mobile_sdk,iOS,en,2025-04-25 21:04:00,SES869128,Direct,,USER_ABANDONED
EVT00000808,USR000240,landing,mobile_sdk,Android,hi,2025-06-10 03:15:00,SES815106,Referral,2482,
EVT00000809,USR000240,rate_check,mobile_sdk,Android,hi,2025-06-10 05:03:00,SES714914,Referral,,
EVT00000810,USR000240,register,mobile_sdk,Android,hi,2025-06-10 05:32:00,SES191682,Referral,,
EVT00000811,USR000240,otp_verify,mobile_sdk,Android,hi,2025-06-10 05:38:00,SES681620,Referral,,
EVT00000812,USR000240,kyc_pan,mobile_sdk,Android,hi,2025-06-10 08:31:00,SES350996,Referral,,
EVT00000813,USR000240,kyc_address,mobile_sdk,Android,hi,2025-06-10 10:57:00,SES289298,Referral,,
EVT00000814,USR000240,vkyc_invite,mobile_sdk,Android,hi,2025-06-10 13:49:00,SES600733,Referral,,
EVT00000815,USR000240,vkyc_session,mobile_sdk,Android,hi,2025-06-10 15:53:00,SES326862,Referral,,
EVT00000816,USR000240,vkyc_complete,mobile_sdk,Android,hi,2025-06-10 15:59:00,SES912149,Referral,,
EVT00000817,USR000240,bank_link,mobile_sdk,Android,hi,2025-06-10 16:58:00,SES943368,Referral,,
EVT00000818,USR000240,fd_amount_select,mobile_sdk,Android,hi,2025-06-10 19:28:00,SES724455,Referral,,
EVT00000819,USR000240,fd_tenure_select,mobile_sdk,Android,hi,2025-06-10 20:57:00,SES146183,Referral,,
EVT00000820,USR000240,fd_review,mobile_sdk,Android,hi,2025-06-10 23:57:00,SES524046,Referral,,
EVT00000821,USR000240,fd_book_success,mobile_sdk,Android,hi,2025-06-11 02:04:00,SES549009,Referral,,
EVT00000822M,USR000241,landing,mobile_sdk,Android,bn,2025-06-26 03:13:00,SES478228,Email,316,
EVT00000823M,USR000241,rate_check,mobile_sdk,iOS,bn,2025-06-26 03:08:00,SES969742,Email,,
EVT00000824,USR000242,landing,mobile_sdk,Android,en,2026-03-18 08:16:00,SES426767,WhatsApp,3456,
EVT00000825,USR000242,rate_check,mobile_sdk,Android,en,2026-03-18 10:43:00,SES885182,WhatsApp,,
EVT00000826,USR000254,landing,mobile_sdk,Web-Desktop,te,2025-09-07 21:59:00,SES620293,Referral,2295,
EVT00000827,USR000254,rate_check,mobile_sdk,Web-Desktop,te,2025-09-07 22:05:00,SES179380,Referral,,
EVT00000828,USR000254,register,mobile_sdk,Web-Desktop,te,2025-09-08 00:17:00,SES845314,Referral,,
EVT00000829,USR000254,otp_verify,mobile_sdk,Web-Desktop,te,2025-09-08 01:15:00,SES350345,Referral,,
EVT00000830,USR000254,kyc_pan,mobile_sdk,Web-Desktop,te,2025-09-08 02:26:00,SES948687,Referral,,
EVT00000831,USR000254,kyc_address,mobile_sdk,Web-Desktop,te,2025-09-08 03:12:00,SES735624,Referral,,
EVT00000832,USR000254,vkyc_invite,mobile_sdk,Web-Desktop,te,2025-09-08 05:47:00,SES776954,Referral,,
EVT00000833,USR000254,vkyc_session,mobile_sdk,Web-Desktop,te,2025-09-08 07:16:00,SES386653,Referral,,
EVT00000834,USR000254,vkyc_complete,mobile_sdk,Web-Desktop,te,2025-09-08 09:27:00,SES318874,Referral,,
EVT00000835,USR000254,bank_link,mobile_sdk,Web-Desktop,te,2025-09-08 11:35:00,SES687273,Referral,,
EVT00000836,USR000254,fd_amount_select,mobile_sdk,Web-Desktop,te,2025-09-08 12:53:00,SES782208,Referral,,
EVT00000837,USR000254,fd_tenure_select,mobile_sdk,Web-Desktop,te,2025-09-08 14:12:00,SES251734,Referral,,
EVT00000838,USR000254,fd_review,mobile_sdk,Web-Desktop,te,2025-09-08 14:19:00,SES580097,Referral,,
EVT00000839,USR000254,fd_book_success,mobile_sdk,Web-Desktop,te,2025-09-08 15:38:00,SES333175,Referral,,
EVT00000840,USR000256,landing,mobile_sdk,iOS,hi,2026-05-07 01:22:00,SES607680,Organic search,3438,
EVT00000841,USR000256,rate_check,mobile_sdk,iOS,hi,2026-05-07 04:06:00,SES763003,Organic search,,
EVT00000842,USR000256,register,mobile_sdk,iOS,hi,2026-05-07 05:45:00,SES847613,Organic search,,USER_ABANDONED
EVT00000843,USR000258,landing,mobile_sdk,iOS,hi,2025-01-12 11:22:00,SES473595,Email,3311,
EVT00000844,USR000258,rate_check,mobile_sdk,iOS,hi,2025-01-12 13:14:00,SES870267,Email,,RATE_NOT_COMPETITIVE
EVT00000845,USR000259,landing,mobile_sdk,Web-Mobile,bn,2025-03-19 08:47:00,SES843212,WhatsApp,443,
EVT00000846,USR000259,rate_check,mobile_sdk,Web-Mobile,bn,2025-03-19 10:58:00,SES906714,WhatsApp,,
EVT00000847,USR000259,register,mobile_sdk,Web-Mobile,bn,2025-03-19 13:55:00,SES263855,WhatsApp,,
EVT00000848,USR000259,otp_verify,mobile_sdk,Web-Mobile,bn,2025-03-19 15:03:00,SES784282,WhatsApp,,
EVT00000849,USR000259,kyc_pan,mobile_sdk,Web-Mobile,bn,2025-03-19 16:21:00,SES672183,WhatsApp,,
EVT00000850,USR000259,kyc_address,mobile_sdk,Web-Mobile,bn,2025-03-19 18:15:00,SES653117,WhatsApp,,
EVT00000851,USR000259,vkyc_invite,mobile_sdk,Web-Mobile,bn,2025-03-19 20:11:00,SES814279,WhatsApp,,
EVT00000852,USR000259,vkyc_session,mobile_sdk,Web-Mobile,bn,2025-03-19 22:18:00,SES597101,WhatsApp,,DOC_REJECTED
EVT00000853,USR000260,landing,mobile_sdk,Android,en,2026-04-08 09:07:00,SES510009,Direct,300,
EVT00000854,USR000260,rate_check,mobile_sdk,Android,en,2026-04-08 11:59:00,SES367299,Direct,,
EVT00000855,USR000260,register,mobile_sdk,Android,en,2026-04-08 14:32:00,SES496207,Direct,,
EVT00000856,USR000260,otp_verify,mobile_sdk,Android,en,2026-04-08 14:48:00,SES164384,Direct,,
EVT00000857,USR000260,kyc_pan,mobile_sdk,Android,en,2026-04-08 17:19:00,SES262617,Direct,,
EVT00000858,USR000260,kyc_address,mobile_sdk,Android,en,2026-04-08 20:13:00,SES635563,Direct,,
EVT00000859,USR000260,vkyc_invite,mobile_sdk,Android,en,2026-04-08 23:07:00,SES446083,Direct,,
EVT00000860,USR000260,vkyc_session,mobile_sdk,Android,en,2026-04-09 01:55:00,SES547350,Direct,,
EVT00000861,USR000260,vkyc_complete,mobile_sdk,Android,en,2026-04-09 03:50:00,SES645559,Direct,,
EVT00000862,USR000260,bank_link,mobile_sdk,Android,en,2026-04-09 06:13:00,SES596886,Direct,,
EVT00000863,USR000260,fd_amount_select,mobile_sdk,Android,en,2026-04-09 07:51:00,SES444440,Direct,,
EVT00000864,USR000260,fd_tenure_select,mobile_sdk,Android,en,2026-04-09 08:26:00,SES335312,Direct,,
EVT00000865,USR000260,fd_review,mobile_sdk,Android,en,2026-04-09 10:27:00,SES898917,Direct,,
EVT00000866,USR000260,fd_book_success,mobile_sdk,Android,en,2026-04-09 11:56:00,SES220040,Direct,,
EVT00000867,USR000261,landing,mobile_sdk,iOS,mr,2025-06-05 12:49:00,SES106825,Meta Ads,3373,
EVT00000868,USR000261,rate_check,mobile_sdk,iOS,mr,2025-06-05 15:35:00,SES919814,Meta Ads,,DOC_REJECTED
EVT00000869,USR000262,landing,mobile_sdk,iOS,ta,2026-04-27 08:28:00,SES289623,Influencer-IG,2515,
EVT00000870,USR000262,rate_check,mobile_sdk,iOS,ta,2026-04-27 11:19:00,SES494711,Influencer-IG,,
EVT00000871,USR000262,register,mobile_sdk,iOS,ta,2026-04-27 12:59:00,SES287428,Influencer-IG,,
EVT00000872,USR000262,otp_verify,mobile_sdk,iOS,ta,2026-04-27 14:04:00,SES457616,Influencer-IG,,
EVT00000873,USR000262,kyc_pan,mobile_sdk,iOS,ta,2026-04-27 15:11:00,SES114550,Influencer-IG,,
EVT00000874,USR000262,kyc_address,mobile_sdk,iOS,ta,2026-04-27 16:30:00,SES712521,Influencer-IG,,
EVT00000875,USR000262,vkyc_invite,mobile_sdk,iOS,ta,2026-04-27 18:41:00,SES892708,Influencer-IG,,
EVT00000876,USR000262,vkyc_session,mobile_sdk,iOS,ta,2026-04-27 21:08:00,SES358790,Influencer-IG,,
EVT00000877,USR000262,vkyc_complete,mobile_sdk,iOS,ta,2026-04-27 22:41:00,SES750300,Influencer-IG,,
EVT00000878,USR000262,bank_link,mobile_sdk,iOS,ta,2026-04-27 23:42:00,SES518707,Influencer-IG,,
EVT00000879,USR000262,fd_amount_select,mobile_sdk,iOS,ta,2026-04-28 02:23:00,SES277744,Influencer-IG,,
EVT00000880,USR000262,fd_tenure_select,mobile_sdk,iOS,ta,2026-04-28 02:36:00,SES997620,Influencer-IG,,
EVT00000881,USR000262,fd_review,mobile_sdk,iOS,ta,2026-04-28 04:29:00,SES135259,Influencer-IG,,
EVT00000882,USR000262,fd_book_success,mobile_sdk,iOS,ta,2026-04-28 05:36:00,SES618914,Influencer-IG,,
EVT00000883,USR000263,landing,mobile_sdk,Android,en,2026-02-23 18:59:00,SES310645,Google Ads,2679,
EVT00000884,USR000263,rate_check,mobile_sdk,Android,en,2026-02-23 19:02:00,SES171368,Google Ads,,
EVT00000885,USR000263,register,mobile_sdk,Android,en,2026-02-23 21:50:00,SES591261,Google Ads,,
EVT00000886,USR000263,otp_verify,mobile_sdk,Android,en,2026-02-24 00:47:00,SES736150,Google Ads,,
EVT00000887,USR000263,kyc_pan,mobile_sdk,Android,en,2026-02-24 02:42:00,SES165469,Google Ads,,
EVT00000888,USR000263,kyc_address,mobile_sdk,Android,en,2026-02-24 03:44:00,SES636286,Google Ads,,
EVT00000889,USR000263,vkyc_invite,mobile_sdk,Android,en,2026-02-24 04:22:00,SES644700,Google Ads,,
EVT00000890,USR000263,vkyc_session,mobile_sdk,Android,en,2026-02-24 05:53:00,SES906680,Google Ads,,
EVT00000891,USR000263,vkyc_complete,mobile_sdk,Android,en,2026-02-24 06:53:00,SES384603,Google Ads,,
EVT00000892,USR000263,bank_link,mobile_sdk,Android,en,2026-02-24 09:40:00,SES916043,Google Ads,,
EVT00000893,USR000263,fd_amount_select,mobile_sdk,Android,en,2026-02-24 09:47:00,SES237839,Google Ads,,
EVT00000894,USR000263,fd_tenure_select,mobile_sdk,Android,en,2026-02-24 12:26:00,SES822644,Google Ads,,
EVT00000895,USR000263,fd_review,mobile_sdk,Android,en,2026-02-24 13:28:00,SES675788,Google Ads,,
EVT00000896,USR000263,fd_book_success,mobile_sdk,Android,en,2026-02-24 14:38:00,SES988406,Google Ads,,
EVT00000897,USR000264,landing,mobile_sdk,iOS,ta,2025-04-03 07:40:00,SES745179,WhatsApp,3331,
EVT00000898,USR000264,rate_check,mobile_sdk,iOS,ta,2025-04-03 09:58:00,SES901795,WhatsApp,,VKYC_AGENT_BUSY
EVT00000899,USR000265,landing,mobile_sdk,Android,mr,2025-08-21 19:15:00,SES503948,Referral,3057,
EVT00000900,USR000265,rate_check,mobile_sdk,Android,mr,2025-08-21 21:56:00,SES750220,Referral,,
EVT00000901,USR000265,register,mobile_sdk,Android,mr,2025-08-22 00:19:00,SES767178,Referral,,
EVT00000902,USR000265,otp_verify,mobile_sdk,Android,mr,2025-08-22 02:38:00,SES846769,Referral,,
EVT00000903,USR000265,kyc_pan,mobile_sdk,Android,mr,2025-08-22 03:30:00,SES981542,Referral,,
EVT00000904,USR000265,kyc_address,mobile_sdk,Android,mr,2025-08-22 06:19:00,SES282555,Referral,,
EVT00000905,USR000265,vkyc_invite,mobile_sdk,Android,mr,2025-08-22 07:38:00,SES560530,Referral,,
EVT00000906,USR000265,vkyc_session,mobile_sdk,Android,mr,2025-08-22 08:05:00,SES216846,Referral,,
EVT00000907,USR000265,vkyc_complete,mobile_sdk,Android,mr,2025-08-22 10:26:00,SES578259,Referral,,
EVT00000908,USR000265,bank_link,mobile_sdk,Android,mr,2025-08-22 12:44:00,SES189209,Referral,,
EVT00000909,USR000265,fd_amount_select,mobile_sdk,Android,mr,2025-08-22 14:29:00,SES228549,Referral,,
EVT00000910,USR000265,fd_tenure_select,mobile_sdk,Android,mr,2025-08-22 16:13:00,SES264479,Referral,,
EVT00000911,USR000265,fd_review,mobile_sdk,Android,mr,2025-08-22 18:19:00,SES321907,Referral,,
EVT00000912,USR000265,fd_book_success,mobile_sdk,Android,mr,2025-08-22 20:21:00,SES985778,Referral,,
EVT00000913M,USR000266,landing,mobile_sdk,Android,en,2025-11-20 20:25:00,SES511485,Google Ads,1935,
EVT00000914,USR000267,landing,mobile_sdk,Web-Mobile,ta,2025-12-08 20:51:00,SES698507,Referral,1651,
EVT00000915,USR000267,rate_check,mobile_sdk,Web-Mobile,ta,2025-12-08 21:28:00,SES450206,Referral,,
EVT00000916,USR000267,register,mobile_sdk,Web-Mobile,ta,2025-12-08 23:03:00,SES825463,Referral,,
EVT00000917,USR000267,otp_verify,mobile_sdk,Web-Mobile,ta,2025-12-09 00:24:00,SES258685,Referral,,
EVT00000918,USR000267,kyc_pan,mobile_sdk,Web-Mobile,ta,2025-12-09 00:39:00,SES127150,Referral,,
EVT00000919,USR000267,kyc_address,mobile_sdk,Web-Mobile,ta,2025-12-09 01:28:00,SES406513,Referral,,
EVT00000920,USR000267,vkyc_invite,mobile_sdk,Web-Mobile,ta,2025-12-09 02:26:00,SES915073,Referral,,
EVT00000921,USR000267,vkyc_session,mobile_sdk,Web-Mobile,ta,2025-12-09 03:31:00,SES457688,Referral,,
EVT00000922,USR000267,vkyc_complete,mobile_sdk,Web-Mobile,ta,2025-12-09 04:45:00,SES601567,Referral,,
EVT00000923,USR000267,bank_link,mobile_sdk,Web-Mobile,ta,2025-12-09 05:10:00,SES168667,Referral,,
EVT00000924,USR000267,fd_amount_select,mobile_sdk,Web-Mobile,ta,2025-12-09 06:31:00,SES643051,Referral,,
EVT00000925,USR000267,fd_tenure_select,mobile_sdk,Web-Mobile,ta,2025-12-09 07:18:00,SES169430,Referral,,
EVT00000926,USR000267,fd_review,mobile_sdk,Web-Mobile,ta,2025-12-09 09:43:00,SES449435,Referral,,
EVT00000927,USR000267,fd_book_success,mobile_sdk,Web-Mobile,ta,2025-12-09 10:07:00,SES920183,Referral,,
EVT00000928,USR000269,landing,mobile_sdk,Android,en,2025-12-29 15:21:00,SES355630,Email,2447,
EVT00000929,USR000269,rate_check,mobile_sdk,Android,en,2025-12-29 17:04:00,SES410365,Email,,VALIDATION_FAIL
EVT00000930,USR000272,landing,mobile_sdk,Android,hi,2025-05-14 04:25:00,SES421510,Google Ads,1699,
EVT00000931,USR000272,rate_check,mobile_sdk,Android,hi,2025-05-14 05:15:00,SES923763,Google Ads,,
EVT00000932,USR000272,register,mobile_sdk,Android,hi,2025-05-14 07:16:00,SES746004,Google Ads,,
EVT00000933,USR000272,otp_verify,mobile_sdk,Android,hi,2025-05-14 10:12:00,SES942554,Google Ads,,
EVT00000934,USR000272,kyc_pan,mobile_sdk,Android,hi,2025-05-14 11:11:00,SES558172,Google Ads,,
EVT00000935,USR000272,kyc_address,mobile_sdk,Android,hi,2025-05-14 12:12:00,SES539727,Google Ads,,
EVT00000936,USR000272,vkyc_invite,mobile_sdk,Android,hi,2025-05-14 13:29:00,SES801557,Google Ads,,
EVT00000937,USR000272,vkyc_session,mobile_sdk,Android,hi,2025-05-14 14:49:00,SES707700,Google Ads,,
EVT00000938,USR000272,vkyc_complete,mobile_sdk,Android,hi,2025-05-14 15:19:00,SES131832,Google Ads,,
EVT00000939,USR000272,bank_link,mobile_sdk,Android,hi,2025-05-14 16:09:00,SES888100,Google Ads,,
EVT00000940,USR000272,fd_amount_select,mobile_sdk,Android,hi,2025-05-14 17:55:00,SES570255,Google Ads,,
EVT00000941,USR000272,fd_tenure_select,mobile_sdk,Android,hi,2025-05-14 20:20:00,SES246398,Google Ads,,
EVT00000942,USR000272,fd_review,mobile_sdk,Android,hi,2025-05-14 21:57:00,SES960551,Google Ads,,
EVT00000943,USR000272,fd_book_success,mobile_sdk,Android,hi,2025-05-14 22:03:00,SES388100,Google Ads,,
EVT00000944M,USR000273,landing,mobile_sdk,Android,ta,2025-11-08 19:38:00,SES667798,Meta Ads,814,
EVT00000945M,USR000274,landing,mobile_sdk,Android,en,2025-09-25 22:04:00,SES862727,WhatsApp,246,
EVT00000946,USR000275,landing,mobile_sdk,Android,hi,2025-03-18 11:48:00,SES646109,Direct,249,
EVT00000947,USR000275,rate_check,mobile_sdk,Android,hi,2025-03-18 14:48:00,SES906135,Direct,,DOC_REJECTED
EVT00000948,USR000276,landing,mobile_sdk,iOS,hi,2026-01-12 04:02:00,SES536508,WhatsApp,183,
EVT00000949,USR000276,rate_check,mobile_sdk,iOS,hi,2026-01-12 06:09:00,SES374716,WhatsApp,,
EVT00000950M,USR000277,landing,mobile_sdk,iOS,hi,2025-05-22 11:54:00,SES417329,Meta Ads,2340,
EVT00000951M,USR000277,rate_check,mobile_sdk,Android,hi,2025-05-22 11:57:00,SES697710,Meta Ads,,
EVT00000952M,USR000277,register,mobile_sdk,Android,hi,2025-05-22 11:16:00,SES645095,Meta Ads,,
EVT00000953,USR000279,landing,mobile_sdk,Android,hi,2025-02-06 00:42:00,SES985659,Influencer-YT,981,
EVT00000954,USR000279,rate_check,mobile_sdk,Android,hi,2025-02-06 03:18:00,SES616844,Influencer-YT,,
EVT00000955M,USR000281,landing,mobile_sdk,Android,mr,2025-02-18 15:50:00,SES101541,Organic search,1080,
EVT00000956M,USR000281,rate_check,mobile_sdk,Android,mr,2025-02-18 15:52:00,SES515707,Organic search,,
EVT00000957M,USR000281,register,mobile_sdk,Android,mr,2025-02-18 15:29:00,SES820604,Organic search,,
EVT00000958M,USR000282,landing,mobile_sdk,Android,hi,2026-01-07 06:21:00,SES656887,Google Ads,705,
EVT00000959M,USR000282,rate_check,mobile_sdk,iOS,hi,2026-01-07 06:25:00,SES440218,Google Ads,,
EVT00000960M,USR000282,register,mobile_sdk,Android,hi,2026-01-07 05:41:00,SES958671,Google Ads,,
EVT00000961M,USR000282,otp_verify,mobile_sdk,Android,hi,2026-01-07 05:21:00,SES124858,Google Ads,,
EVT00000962M,USR000282,kyc_pan,mobile_sdk,Android,hi,2026-01-07 06:16:00,SES186557,Google Ads,,
EVT00000963,USR000283,landing,mobile_sdk,Android,en,2025-05-02 00:23:00,SES529406,Organic search,2501,
EVT00000964,USR000283,rate_check,mobile_sdk,Android,en,2025-05-02 01:42:00,SES644590,Organic search,,
EVT00000965,USR000283,register,mobile_sdk,Android,en,2025-05-02 04:40:00,SES164539,Organic search,,
EVT00000966,USR000283,otp_verify,mobile_sdk,Android,en,2025-05-02 06:54:00,SES581038,Organic search,,
EVT00000967,USR000283,kyc_pan,mobile_sdk,Android,en,2025-05-02 07:14:00,SES942825,Organic search,,
EVT00000968,USR000283,kyc_address,mobile_sdk,Android,en,2025-05-02 07:20:00,SES857917,Organic search,,
EVT00000969,USR000283,vkyc_invite,mobile_sdk,Android,en,2025-05-02 10:17:00,SES785590,Organic search,,VALIDATION_FAIL
EVT00000970,USR000285,landing,mobile_sdk,Android,en,2026-01-04 18:32:00,SES419207,Meta Ads,3162,
EVT00000971,USR000285,rate_check,mobile_sdk,Android,en,2026-01-04 19:07:00,SES815148,Meta Ads,,VALIDATION_FAIL
EVT00000972M,USR000286,landing,mobile_sdk,Android,en,2025-05-25 00:31:00,SES227042,Google Ads,1485,
EVT00000973,USR000287,landing,mobile_sdk,Android,mr,2026-03-06 15:08:00,SES945476,WhatsApp,1946,
EVT00000974,USR000287,rate_check,mobile_sdk,Android,mr,2026-03-06 15:33:00,SES992343,WhatsApp,,
EVT00000975,USR000287,register,mobile_sdk,Android,mr,2026-03-06 16:33:00,SES265203,WhatsApp,,
EVT00000976,USR000287,otp_verify,mobile_sdk,Android,mr,2026-03-06 16:43:00,SES728004,WhatsApp,,
EVT00000977,USR000287,kyc_pan,mobile_sdk,Android,mr,2026-03-06 18:11:00,SES893911,WhatsApp,,
EVT00000978,USR000287,kyc_address,mobile_sdk,Android,mr,2026-03-06 21:05:00,SES531306,WhatsApp,,
EVT00000979,USR000287,vkyc_invite,mobile_sdk,Android,mr,2026-03-06 21:39:00,SES229446,WhatsApp,,
EVT00000980,USR000287,vkyc_session,mobile_sdk,Android,mr,2026-03-06 23:25:00,SES849053,WhatsApp,,
EVT00000981,USR000287,vkyc_complete,mobile_sdk,Android,mr,2026-03-07 01:38:00,SES192318,WhatsApp,,
EVT00000982,USR000287,bank_link,mobile_sdk,Android,mr,2026-03-07 04:22:00,SES163279,WhatsApp,,USER_ABANDONED
EVT00000983,USR000289,landing,mobile_sdk,Web-Desktop,en,2025-03-30 12:29:00,SES965695,Referral,1742,
EVT00000984,USR000289,rate_check,mobile_sdk,Web-Desktop,en,2025-03-30 14:04:00,SES756036,Referral,,
EVT00000985,USR000289,register,mobile_sdk,Web-Desktop,en,2025-03-30 16:51:00,SES587274,Referral,,
EVT00000986,USR000289,otp_verify,mobile_sdk,Web-Desktop,en,2025-03-30 17:39:00,SES332152,Referral,,
EVT00000987,USR000289,kyc_pan,mobile_sdk,Web-Desktop,en,2025-03-30 20:25:00,SES937619,Referral,,
EVT00000988,USR000289,kyc_address,mobile_sdk,Web-Desktop,en,2025-03-30 21:15:00,SES507089,Referral,,
EVT00000989,USR000289,vkyc_invite,mobile_sdk,Web-Desktop,en,2025-03-30 21:41:00,SES407684,Referral,,
EVT00000990,USR000289,vkyc_session,mobile_sdk,Web-Desktop,en,2025-03-30 22:54:00,SES512175,Referral,,
EVT00000991,USR000289,vkyc_complete,mobile_sdk,Web-Desktop,en,2025-03-30 23:39:00,SES940909,Referral,,
EVT00000992,USR000289,bank_link,mobile_sdk,Web-Desktop,en,2025-03-31 01:44:00,SES376655,Referral,,
EVT00000993,USR000289,fd_amount_select,mobile_sdk,Web-Desktop,en,2025-03-31 04:29:00,SES158492,Referral,,
EVT00000994,USR000289,fd_tenure_select,mobile_sdk,Web-Desktop,en,2025-03-31 05:21:00,SES637330,Referral,,
EVT00000995,USR000289,fd_review,mobile_sdk,Web-Desktop,en,2025-03-31 07:48:00,SES916526,Referral,,
EVT00000996,USR000289,fd_book_success,mobile_sdk,Web-Desktop,en,2025-03-31 09:16:00,SES865586,Referral,,
EVT00000997M,USR000291,landing,mobile_sdk,Android,hi,2026-02-22 18:19:00,SES248426,Direct,1203,
EVT00000998M,USR000291,rate_check,mobile_sdk,iOS,hi,2026-02-22 19:04:00,SES802543,Direct,,
EVT00000999M,USR000292,landing,mobile_sdk,Android,hi,2025-08-22 17:24:00,SES614474,WhatsApp,2232,
EVT00001000M,USR000292,rate_check,mobile_sdk,Android,hi,2025-08-22 16:35:00,SES480525,WhatsApp,,
EVT00001001M,USR000292,register,mobile_sdk,Android,hi,2025-08-22 16:52:00,SES490990,WhatsApp,,
EVT00001002M,USR000292,otp_verify,mobile_sdk,Android,hi,2025-08-22 16:31:00,SES245221,WhatsApp,,
EVT00001003M,USR000292,kyc_pan,mobile_sdk,Android,hi,2025-08-22 16:12:00,SES115946,WhatsApp,,
EVT00001004M,USR000294,landing,mobile_sdk,Android,en,2025-11-10 15:57:00,SES747145,Organic search,685,
EVT00001005M,USR000294,rate_check,mobile_sdk,iOS,en,2025-11-10 16:11:00,SES124680,Organic search,,
EVT00001006M,USR000294,register,mobile_sdk,Android,en,2025-11-10 15:26:00,SES876458,Organic search,,
EVT00001007M,USR000294,otp_verify,mobile_sdk,Android,en,2025-11-10 16:09:00,SES782100,Organic search,,
EVT00001008M,USR000294,kyc_pan,mobile_sdk,iOS,en,2025-11-10 16:24:00,SES643313,Organic search,,
EVT00001009M,USR000294,kyc_address,mobile_sdk,Android,en,2025-11-10 16:39:00,SES522413,Organic search,,
EVT00001010,USR000295,landing,mobile_sdk,iOS,ta,2025-07-17 15:20:00,SES166729,Meta Ads,1047,
EVT00001011,USR000295,rate_check,mobile_sdk,iOS,ta,2025-07-17 17:15:00,SES824559,Meta Ads,,
EVT00001012,USR000295,register,mobile_sdk,iOS,ta,2025-07-17 18:30:00,SES748153,Meta Ads,,
EVT00001013,USR000295,otp_verify,mobile_sdk,iOS,ta,2025-07-17 20:26:00,SES276048,Meta Ads,,
EVT00001014,USR000295,kyc_pan,mobile_sdk,iOS,ta,2025-07-17 22:10:00,SES299229,Meta Ads,,
EVT00001015,USR000295,kyc_address,mobile_sdk,iOS,ta,2025-07-17 23:56:00,SES630610,Meta Ads,,USER_ABANDONED
EVT00001016,USR000297,landing,mobile_sdk,Android,hi,2025-07-10 23:33:00,SES147689,Organic search,569,
EVT00001017,USR000297,rate_check,mobile_sdk,Android,hi,2025-07-11 01:37:00,SES954127,Organic search,,
EVT00001018,USR000297,register,mobile_sdk,Android,hi,2025-07-11 01:40:00,SES867790,Organic search,,
EVT00001019,USR000297,otp_verify,mobile_sdk,Android,hi,2025-07-11 02:13:00,SES833680,Organic search,,
EVT00001020,USR000297,kyc_pan,mobile_sdk,Android,hi,2025-07-11 04:39:00,SES860192,Organic search,,
EVT00001021,USR000297,kyc_address,mobile_sdk,Android,hi,2025-07-11 07:26:00,SES852600,Organic search,,
EVT00001022,USR000297,vkyc_invite,mobile_sdk,Android,hi,2025-07-11 08:20:00,SES901067,Organic search,,
EVT00001023,USR000297,vkyc_session,mobile_sdk,Android,hi,2025-07-11 09:38:00,SES343583,Organic search,,TIMEOUT
EVT00001024,USR000299,landing,mobile_sdk,Android,en,2025-05-31 14:34:00,SES320446,Email,1831,
EVT00001025,USR000299,rate_check,mobile_sdk,Android,en,2025-05-31 15:52:00,SES455381,Email,,
EVT00001026,USR000299,register,mobile_sdk,Android,en,2025-05-31 18:10:00,SES856350,Email,,
EVT00001027,USR000299,otp_verify,mobile_sdk,Android,en,2025-05-31 19:47:00,SES876751,Email,,
EVT00001028,USR000299,kyc_pan,mobile_sdk,Android,en,2025-05-31 20:40:00,SES567643,Email,,USER_ABANDONED
EVT00001029,USR000300,landing,mobile_sdk,iOS,ml,2025-12-20 13:46:00,SES678208,Google Ads,2215,
EVT00001030,USR000300,rate_check,mobile_sdk,iOS,ml,2025-12-20 13:53:00,SES644378,Google Ads,,
EVT00001031,USR000300,register,mobile_sdk,iOS,ml,2025-12-20 15:25:00,SES777522,Google Ads,,
EVT00001032,USR000300,otp_verify,mobile_sdk,iOS,ml,2025-12-20 18:06:00,SES168658,Google Ads,,
EVT00001033,USR000300,kyc_pan,mobile_sdk,iOS,ml,2025-12-20 20:14:00,SES654295,Google Ads,,
EVT00001034,USR000300,kyc_address,mobile_sdk,iOS,ml,2025-12-20 21:33:00,SES392650,Google Ads,,USER_ABANDONED
EVT00001035,USR000303,landing,mobile_sdk,iOS,hi,2025-02-09 12:14:00,SES716689,Referral,1890,
EVT00001036,USR000303,rate_check,mobile_sdk,iOS,hi,2025-02-09 14:27:00,SES876842,Referral,,VKYC_AGENT_BUSY
EVT00001037,USR000305,landing,mobile_sdk,Web-Desktop,ta,2026-01-15 13:39:00,SES593623,Email,884,
EVT00001038,USR000305,rate_check,mobile_sdk,Web-Desktop,ta,2026-01-15 16:10:00,SES283930,Email,,USER_ABANDONED
EVT00001039M,USR000306,landing,mobile_sdk,Android,hi,2025-03-04 18:10:00,SES848757,Google Ads,372,
EVT00001040M,USR000306,rate_check,mobile_sdk,Android,hi,2025-03-04 18:49:00,SES392126,Google Ads,,
EVT00001041M,USR000306,register,mobile_sdk,Android,hi,2025-03-04 18:15:00,SES531171,Google Ads,,
EVT00001042M,USR000306,otp_verify,mobile_sdk,Android,hi,2025-03-04 17:51:00,SES492096,Google Ads,,
EVT00001043M,USR000307,landing,mobile_sdk,Android,hi,2025-03-26 23:44:00,SES663891,Email,2453,
EVT00001044M,USR000307,rate_check,mobile_sdk,iOS,hi,2025-03-26 23:09:00,SES411926,Email,,
EVT00001045,USR000308,landing,mobile_sdk,Android,en,2025-06-06 19:03:00,SES295560,Influencer-IG,575,
EVT00001046,USR000308,rate_check,mobile_sdk,Android,en,2025-06-06 19:34:00,SES830361,Influencer-IG,,
EVT00001047,USR000308,register,mobile_sdk,Android,en,2025-06-06 21:34:00,SES430349,Influencer-IG,,
EVT00001048,USR000308,otp_verify,mobile_sdk,Android,en,2025-06-06 23:11:00,SES595742,Influencer-IG,,
EVT00001049,USR000308,kyc_pan,mobile_sdk,Android,en,2025-06-06 23:57:00,SES704587,Influencer-IG,,
EVT00001050,USR000308,kyc_address,mobile_sdk,Android,en,2025-06-07 01:24:00,SES648416,Influencer-IG,,
EVT00001051,USR000308,vkyc_invite,mobile_sdk,Android,en,2025-06-07 02:24:00,SES184531,Influencer-IG,,
EVT00001052,USR000308,vkyc_session,mobile_sdk,Android,en,2025-06-07 05:18:00,SES935271,Influencer-IG,,USER_ABANDONED
EVT00001053,USR000310,landing,mobile_sdk,Web-Mobile,hi,2025-08-17 04:22:00,SES609760,Referral,3349,
EVT00001054,USR000310,rate_check,mobile_sdk,Web-Mobile,hi,2025-08-17 07:19:00,SES772291,Referral,,
EVT00001055,USR000310,register,mobile_sdk,Web-Mobile,hi,2025-08-17 09:35:00,SES572087,Referral,,
EVT00001056,USR000310,otp_verify,mobile_sdk,Web-Mobile,hi,2025-08-17 11:44:00,SES900042,Referral,,
EVT00001057,USR000310,kyc_pan,mobile_sdk,Web-Mobile,hi,2025-08-17 11:59:00,SES223820,Referral,,
EVT00001058,USR000310,kyc_address,mobile_sdk,Web-Mobile,hi,2025-08-17 12:52:00,SES134693,Referral,,
EVT00001059,USR000310,vkyc_invite,mobile_sdk,Web-Mobile,hi,2025-08-17 13:37:00,SES820413,Referral,,
EVT00001060,USR000310,vkyc_session,mobile_sdk,Web-Mobile,hi,2025-08-17 14:16:00,SES317975,Referral,,
EVT00001061,USR000310,vkyc_complete,mobile_sdk,Web-Mobile,hi,2025-08-17 15:50:00,SES272384,Referral,,
EVT00001062,USR000310,bank_link,mobile_sdk,Web-Mobile,hi,2025-08-17 17:50:00,SES617783,Referral,,
EVT00001063,USR000310,fd_amount_select,mobile_sdk,Web-Mobile,hi,2025-08-17 19:00:00,SES400441,Referral,,
EVT00001064,USR000310,fd_tenure_select,mobile_sdk,Web-Mobile,hi,2025-08-17 19:08:00,SES516843,Referral,,
EVT00001065,USR000310,fd_review,mobile_sdk,Web-Mobile,hi,2025-08-17 21:50:00,SES296204,Referral,,
EVT00001066,USR000310,fd_book_success,mobile_sdk,Web-Mobile,hi,2025-08-18 00:11:00,SES814357,Referral,,
EVT00001067M,USR000311,landing,mobile_sdk,Android,bn,2025-08-29 11:16:00,SES426099,Google Ads,651,
EVT00001068M,USR000311,rate_check,mobile_sdk,Android,bn,2025-08-29 11:01:00,SES716537,Google Ads,,
EVT00001069M,USR000311,register,mobile_sdk,Android,bn,2025-08-29 10:37:00,SES412302,Google Ads,,
EVT00001070M,USR000311,otp_verify,mobile_sdk,iOS,bn,2025-08-29 10:39:00,SES742417,Google Ads,,
EVT00001071M,USR000311,kyc_pan,mobile_sdk,Android,bn,2025-08-29 10:34:00,SES801908,Google Ads,,
EVT00001072M,USR000311,kyc_address,mobile_sdk,Android,bn,2025-08-29 10:36:00,SES740383,Google Ads,,
EVT00001073M,USR000312,landing,mobile_sdk,Android,en,2025-03-19 02:58:00,SES967128,Meta Ads,809,
EVT00001074M,USR000312,rate_check,mobile_sdk,iOS,en,2025-03-19 03:14:00,SES889587,Meta Ads,,
EVT00001075M,USR000312,register,mobile_sdk,Android,en,2025-03-19 03:42:00,SES441309,Meta Ads,,
EVT00001076M,USR000312,otp_verify,mobile_sdk,Android,en,2025-03-19 03:07:00,SES663392,Meta Ads,,
EVT00001077M,USR000312,kyc_pan,mobile_sdk,iOS,en,2025-03-19 03:02:00,SES189157,Meta Ads,,
EVT00001078M,USR000312,kyc_address,mobile_sdk,iOS,en,2025-03-19 02:21:00,SES435781,Meta Ads,,
EVT00001079M,USR000313,landing,mobile_sdk,iOS,hi,2025-04-20 03:03:00,SES958005,Google Ads,2251,
EVT00001080M,USR000313,rate_check,mobile_sdk,Android,hi,2025-04-20 02:47:00,SES114743,Google Ads,,
EVT00001081M,USR000313,register,mobile_sdk,Android,hi,2025-04-20 03:28:00,SES795093,Google Ads,,
EVT00001082M,USR000313,otp_verify,mobile_sdk,Android,hi,2025-04-20 03:22:00,SES953165,Google Ads,,
EVT00001083M,USR000313,kyc_pan,mobile_sdk,Android,hi,2025-04-20 03:17:00,SES511424,Google Ads,,
EVT00001084M,USR000313,kyc_address,mobile_sdk,Android,hi,2025-04-20 02:31:00,SES765340,Google Ads,,
EVT00001085,USR000314,landing,mobile_sdk,Web-Desktop,hi,2025-02-03 07:14:00,SES525525,WhatsApp,1746,
EVT00001086,USR000314,rate_check,mobile_sdk,Web-Desktop,hi,2025-02-03 07:21:00,SES668427,WhatsApp,,
EVT00001087,USR000314,register,mobile_sdk,Web-Desktop,hi,2025-02-03 09:25:00,SES717444,WhatsApp,,
EVT00001088,USR000314,otp_verify,mobile_sdk,Web-Desktop,hi,2025-02-03 10:51:00,SES350170,WhatsApp,,
EVT00001089,USR000314,kyc_pan,mobile_sdk,Web-Desktop,hi,2025-02-03 11:04:00,SES295471,WhatsApp,,
EVT00001090,USR000314,kyc_address,mobile_sdk,Web-Desktop,hi,2025-02-03 13:09:00,SES482306,WhatsApp,,USER_ABANDONED
EVT00001091,USR000317,landing,mobile_sdk,Web-Desktop,mr,2025-08-24 09:46:00,SES623051,WhatsApp,2509,
EVT00001092,USR000317,rate_check,mobile_sdk,Web-Desktop,mr,2025-08-24 10:31:00,SES761504,WhatsApp,,TIMEOUT
EVT00001093M,USR000318,landing,mobile_sdk,Android,hi,2025-10-02 09:29:00,SES858305,Influencer-YT,844,
EVT00001094M,USR000318,rate_check,mobile_sdk,iOS,hi,2025-10-02 09:37:00,SES445306,Influencer-YT,,
EVT00001095M,USR000318,register,mobile_sdk,Android,hi,2025-10-02 09:26:00,SES731550,Influencer-YT,,
EVT00001096M,USR000318,otp_verify,mobile_sdk,Android,hi,2025-10-02 09:52:00,SES935987,Influencer-YT,,
EVT00001097M,USR000319,landing,mobile_sdk,iOS,ta,2025-07-22 15:14:00,SES511410,Meta Ads,2489,
EVT00001098,USR000321,landing,mobile_sdk,Web-Desktop,en,2025-12-08 19:50:00,SES872610,Email,2528,
EVT00001099,USR000321,rate_check,mobile_sdk,Web-Desktop,en,2025-12-08 20:13:00,SES663439,Email,,TIMEOUT
EVT00001100,USR000322,landing,mobile_sdk,Android,mr,2026-02-07 22:14:00,SES912939,Influencer-YT,1862,
EVT00001101,USR000322,rate_check,mobile_sdk,Android,mr,2026-02-08 00:05:00,SES708487,Influencer-YT,,
EVT00001102,USR000322,register,mobile_sdk,Android,mr,2026-02-08 02:16:00,SES456746,Influencer-YT,,
EVT00001103,USR000322,otp_verify,mobile_sdk,Android,mr,2026-02-08 02:33:00,SES496589,Influencer-YT,,
EVT00001104,USR000322,kyc_pan,mobile_sdk,Android,mr,2026-02-08 04:21:00,SES780321,Influencer-YT,,
EVT00001105,USR000322,kyc_address,mobile_sdk,Android,mr,2026-02-08 05:52:00,SES750171,Influencer-YT,,
EVT00001106,USR000322,vkyc_invite,mobile_sdk,Android,mr,2026-02-08 08:21:00,SES178882,Influencer-YT,,
EVT00001107,USR000322,vkyc_session,mobile_sdk,Android,mr,2026-02-08 10:54:00,SES497507,Influencer-YT,,
EVT00001108,USR000322,vkyc_complete,mobile_sdk,Android,mr,2026-02-08 12:40:00,SES713733,Influencer-YT,,
EVT00001109,USR000322,bank_link,mobile_sdk,Android,mr,2026-02-08 12:56:00,SES876617,Influencer-YT,,
EVT00001110,USR000322,fd_amount_select,mobile_sdk,Android,mr,2026-02-08 13:47:00,SES496612,Influencer-YT,,
EVT00001111,USR000322,fd_tenure_select,mobile_sdk,Android,mr,2026-02-08 15:06:00,SES699891,Influencer-YT,,
EVT00001112,USR000322,fd_review,mobile_sdk,Android,mr,2026-02-08 16:35:00,SES819619,Influencer-YT,,
EVT00001113,USR000322,fd_book_success,mobile_sdk,Android,mr,2026-02-08 17:50:00,SES345887,Influencer-YT,,
EVT00001114,USR000325,landing,mobile_sdk,Android,ta,2025-08-15 08:53:00,SES209006,Organic search,2038,
EVT00001115,USR000325,rate_check,mobile_sdk,Android,ta,2025-08-15 09:02:00,SES793775,Organic search,,VALIDATION_FAIL
EVT00001116M,USR000326,landing,mobile_sdk,Android,hi,2025-11-10 09:21:00,SES317338,Referral,1441,
EVT00001117M,USR000330,landing,mobile_sdk,Android,hi,2025-02-20 23:10:00,SES404912,Organic search,1701,
EVT00001118M,USR000332,landing,mobile_sdk,Android,bn,2026-01-27 19:10:00,SES572961,Direct,695,
EVT00001119M,USR000332,rate_check,mobile_sdk,Android,bn,2026-01-27 19:15:00,SES247649,Direct,,
EVT00001120M,USR000332,register,mobile_sdk,Android,bn,2026-01-27 18:55:00,SES550922,Direct,,
EVT00001121,USR000334,landing,mobile_sdk,Android,en,2026-03-28 07:31:00,SES575058,Meta Ads,1551,
EVT00001122,USR000334,rate_check,mobile_sdk,Android,en,2026-03-28 07:32:00,SES373150,Meta Ads,,
EVT00001123,USR000334,register,mobile_sdk,Android,en,2026-03-28 07:59:00,SES555560,Meta Ads,,
EVT00001124,USR000334,otp_verify,mobile_sdk,Android,en,2026-03-28 08:59:00,SES667806,Meta Ads,,
EVT00001125,USR000334,kyc_pan,mobile_sdk,Android,en,2026-03-28 10:09:00,SES151236,Meta Ads,,
EVT00001126,USR000334,kyc_address,mobile_sdk,Android,en,2026-03-28 12:09:00,SES231806,Meta Ads,,
EVT00001127,USR000334,vkyc_invite,mobile_sdk,Android,en,2026-03-28 14:12:00,SES452635,Meta Ads,,
EVT00001128,USR000334,vkyc_session,mobile_sdk,Android,en,2026-03-28 16:05:00,SES538478,Meta Ads,,
EVT00001129,USR000334,vkyc_complete,mobile_sdk,Android,en,2026-03-28 18:47:00,SES160205,Meta Ads,,
EVT00001130,USR000334,bank_link,mobile_sdk,Android,en,2026-03-28 19:10:00,SES370531,Meta Ads,,
EVT00001131,USR000334,fd_amount_select,mobile_sdk,Android,en,2026-03-28 21:59:00,SES888958,Meta Ads,,
EVT00001132,USR000334,fd_tenure_select,mobile_sdk,Android,en,2026-03-28 23:30:00,SES511374,Meta Ads,,
EVT00001133,USR000334,fd_review,mobile_sdk,Android,en,2026-03-29 02:24:00,SES866763,Meta Ads,,USER_ABANDONED
EVT00001134M,USR000335,landing,mobile_sdk,Android,hi,2026-02-11 23:20:00,SES548266,Email,2111,
EVT00001135M,USR000335,rate_check,mobile_sdk,Android,hi,2026-02-11 23:40:00,SES476368,Email,,
EVT00001136M,USR000335,register,mobile_sdk,Android,hi,2026-02-12 00:28:00,SES747592,Email,,
EVT00001137M,USR000335,otp_verify,mobile_sdk,Android,hi,2026-02-12 00:18:00,SES912878,Email,,
EVT00001138M,USR000335,kyc_pan,mobile_sdk,Android,hi,2026-02-11 23:32:00,SES636676,Email,,
EVT00001139M,USR000335,kyc_address,mobile_sdk,Android,hi,2026-02-12 00:25:00,SES248645,Email,,
EVT00001140M,USR000336,landing,mobile_sdk,Android,te,2026-03-26 13:00:00,SES951853,Email,594,
EVT00001141M,USR000336,rate_check,mobile_sdk,Android,te,2026-03-26 13:43:00,SES322488,Email,,
EVT00001142M,USR000336,register,mobile_sdk,Android,te,2026-03-26 13:31:00,SES449005,Email,,
EVT00001143M,USR000336,otp_verify,mobile_sdk,Android,te,2026-03-26 13:12:00,SES487241,Email,,
EVT00001144M,USR000336,kyc_pan,mobile_sdk,Android,te,2026-03-26 13:42:00,SES646699,Email,,
EVT00001145M,USR000336,kyc_address,mobile_sdk,iOS,te,2026-03-26 13:52:00,SES234707,Email,,
EVT00001146M,USR000337,landing,mobile_sdk,Android,hi,2025-07-17 17:17:00,SES857292,Organic search,255,
EVT00001147M,USR000337,rate_check,mobile_sdk,iOS,hi,2025-07-17 17:31:00,SES254174,Organic search,,
EVT00001148M,USR000337,register,mobile_sdk,Android,hi,2025-07-17 16:50:00,SES478251,Organic search,,
EVT00001149M,USR000337,otp_verify,mobile_sdk,Android,hi,2025-07-17 16:36:00,SES915811,Organic search,,
EVT00001150M,USR000337,kyc_pan,mobile_sdk,Android,hi,2025-07-17 17:57:00,SES767543,Organic search,,
EVT00001151M,USR000337,kyc_address,mobile_sdk,Android,hi,2025-07-17 16:34:00,SES363703,Organic search,,
EVT00001152,USR000338,landing,mobile_sdk,iOS,te,2025-12-27 01:00:00,SES152420,Organic search,2034,
EVT00001153,USR000338,rate_check,mobile_sdk,iOS,te,2025-12-27 03:49:00,SES563011,Organic search,,
EVT00001154,USR000338,register,mobile_sdk,iOS,te,2025-12-27 06:25:00,SES612231,Organic search,,
EVT00001155,USR000338,otp_verify,mobile_sdk,iOS,te,2025-12-27 09:16:00,SES776083,Organic search,,USER_ABANDONED
EVT00001156M,USR000340,landing,mobile_sdk,Android,kn,2026-01-10 22:15:00,SES473184,Meta Ads,303,
EVT00001157M,USR000341,landing,mobile_sdk,Android,hi,2026-01-28 10:45:00,SES405089,Direct,2419,
EVT00001158M,USR000343,landing,mobile_sdk,Android,ta,2025-01-10 13:33:00,SES172884,Influencer-YT,895,
EVT00001159M,USR000343,rate_check,mobile_sdk,Android,ta,2025-01-10 13:06:00,SES648793,Influencer-YT,,
EVT00001160M,USR000343,register,mobile_sdk,iOS,ta,2025-01-10 13:24:00,SES835478,Influencer-YT,,
EVT00001161M,USR000343,otp_verify,mobile_sdk,iOS,ta,2025-01-10 12:48:00,SES795795,Influencer-YT,,
EVT00001162M,USR000344,landing,mobile_sdk,Android,en,2025-08-31 07:35:00,SES704485,Influencer-YT,1714,
EVT00001163M,USR000344,rate_check,mobile_sdk,Android,en,2025-08-31 08:31:00,SES279589,Influencer-YT,,
EVT00001164M,USR000344,register,mobile_sdk,Android,en,2025-08-31 08:24:00,SES461852,Influencer-YT,,
EVT00001165M,USR000344,otp_verify,mobile_sdk,Android,en,2025-08-31 07:36:00,SES101693,Influencer-YT,,
EVT00001166M,USR000344,kyc_pan,mobile_sdk,iOS,en,2025-08-31 07:27:00,SES833343,Influencer-YT,,
EVT00001167M,USR000344,kyc_address,mobile_sdk,iOS,en,2025-08-31 08:41:00,SES812817,Influencer-YT,,
EVT00001168,USR000345,landing,mobile_sdk,Android,hi,2025-09-17 15:19:00,SES677312,Influencer-YT,1449,
EVT00001169,USR000345,rate_check,mobile_sdk,Android,hi,2025-09-17 15:56:00,SES104103,Influencer-YT,,
EVT00001170,USR000345,register,mobile_sdk,Android,hi,2025-09-17 16:11:00,SES484237,Influencer-YT,,
EVT00001171,USR000345,otp_verify,mobile_sdk,Android,hi,2025-09-17 19:08:00,SES676053,Influencer-YT,,
EVT00001172,USR000345,kyc_pan,mobile_sdk,Android,hi,2025-09-17 21:08:00,SES114598,Influencer-YT,,
EVT00001173,USR000345,kyc_address,mobile_sdk,Android,hi,2025-09-18 00:02:00,SES241209,Influencer-YT,,
EVT00001174,USR000345,vkyc_invite,mobile_sdk,Android,hi,2025-09-18 02:49:00,SES574023,Influencer-YT,,
EVT00001175,USR000345,vkyc_session,mobile_sdk,Android,hi,2025-09-18 05:27:00,SES742038,Influencer-YT,,VALIDATION_FAIL
EVT00001176,USR000346,landing,mobile_sdk,Web-Desktop,en,2025-07-14 20:02:00,SES702061,Referral,484,USER_ABANDONED
EVT00001177M,USR000348,landing,mobile_sdk,iOS,en,2025-07-12 20:47:00,SES471084,Influencer-IG,2345,
EVT00001178M,USR000348,rate_check,mobile_sdk,iOS,en,2025-07-12 20:49:00,SES558194,Influencer-IG,,
EVT00001179M,USR000348,register,mobile_sdk,iOS,en,2025-07-12 20:55:00,SES438960,Influencer-IG,,
EVT00001180M,USR000348,otp_verify,mobile_sdk,iOS,en,2025-07-12 21:12:00,SES437176,Influencer-IG,,
EVT00001181,USR000349,landing,mobile_sdk,Android,ta,2026-01-05 22:14:00,SES515563,Influencer-YT,2080,
EVT00001182,USR000349,rate_check,mobile_sdk,Android,ta,2026-01-06 00:43:00,SES533647,Influencer-YT,,
EVT00001183,USR000349,register,mobile_sdk,Android,ta,2026-01-06 02:10:00,SES169856,Influencer-YT,,USER_ABANDONED
EVT00001184M,USR000350,landing,mobile_sdk,Android,mr,2026-04-23 17:40:00,SES128943,Organic search,766,
EVT00001185M,USR000352,landing,mobile_sdk,Android,en,2026-03-19 15:44:00,SES376357,WhatsApp,2050,
EVT00001186M,USR000352,rate_check,mobile_sdk,Android,en,2026-03-19 15:47:00,SES237944,WhatsApp,,
EVT00001187M,USR000352,register,mobile_sdk,Android,en,2026-03-19 15:49:00,SES890408,WhatsApp,,
EVT00001188M,USR000352,otp_verify,mobile_sdk,Android,en,2026-03-19 16:23:00,SES672718,WhatsApp,,
EVT00001189M,USR000352,kyc_pan,mobile_sdk,iOS,en,2026-03-19 16:27:00,SES338079,WhatsApp,,
EVT00001190M,USR000352,kyc_address,mobile_sdk,Android,en,2026-03-19 16:31:00,SES738693,WhatsApp,,
EVT00001191M,USR000353,landing,mobile_sdk,Android,mr,2025-12-20 00:14:00,SES320148,Referral,1855,
EVT00001192M,USR000353,rate_check,mobile_sdk,Android,mr,2025-12-20 00:09:00,SES852867,Referral,,
EVT00001193M,USR000355,landing,mobile_sdk,iOS,hi,2026-03-16 06:20:00,SES953167,Email,487,
EVT00001194M,USR000355,rate_check,mobile_sdk,Android,hi,2026-03-16 05:38:00,SES526839,Email,,
EVT00001195M,USR000355,register,mobile_sdk,Android,hi,2026-03-16 06:27:00,SES587812,Email,,
EVT00001196M,USR000355,otp_verify,mobile_sdk,Android,hi,2026-03-16 05:37:00,SES136521,Email,,
EVT00001197M,USR000355,kyc_pan,mobile_sdk,Android,hi,2026-03-16 05:54:00,SES226665,Email,,
EVT00001198M,USR000355,kyc_address,mobile_sdk,Android,hi,2026-03-16 06:28:00,SES487627,Email,,
EVT00001199,USR000356,landing,mobile_sdk,Android,hi,2025-04-25 01:54:00,SES968639,Organic search,3391,
EVT00001200,USR000356,rate_check,mobile_sdk,Android,hi,2025-04-25 03:32:00,SES789300,Organic search,,
EVT00001201,USR000356,register,mobile_sdk,Android,hi,2025-04-25 06:27:00,SES521446,Organic search,,USER_ABANDONED
EVT00001202M,USR000357,landing,mobile_sdk,Android,ml,2025-04-08 11:15:00,SES683640,Meta Ads,959,
EVT00001203M,USR000357,rate_check,mobile_sdk,Android,ml,2025-04-08 11:22:00,SES914082,Meta Ads,,
EVT00001204M,USR000357,register,mobile_sdk,iOS,ml,2025-04-08 11:21:00,SES664233,Meta Ads,,
EVT00001205M,USR000357,otp_verify,mobile_sdk,Android,ml,2025-04-08 11:08:00,SES164580,Meta Ads,,
EVT00001206M,USR000357,kyc_pan,mobile_sdk,Android,ml,2025-04-08 11:20:00,SES237782,Meta Ads,,
EVT00001207M,USR000357,kyc_address,mobile_sdk,Android,ml,2025-04-08 10:59:00,SES788164,Meta Ads,,
EVT00001208,USR000358,landing,mobile_sdk,Android,hi,2025-03-09 03:25:00,SES805503,Google Ads,2930,
EVT00001209,USR000358,rate_check,mobile_sdk,Android,hi,2025-03-09 05:59:00,SES130013,Google Ads,,
EVT00001210,USR000358,register,mobile_sdk,Android,hi,2025-03-09 06:05:00,SES992254,Google Ads,,
EVT00001211,USR000358,otp_verify,mobile_sdk,Android,hi,2025-03-09 06:51:00,SES621489,Google Ads,,
EVT00001212,USR000358,kyc_pan,mobile_sdk,Android,hi,2025-03-09 06:56:00,SES111292,Google Ads,,
EVT00001213,USR000358,kyc_address,mobile_sdk,Android,hi,2025-03-09 07:54:00,SES471319,Google Ads,,
EVT00001214,USR000358,vkyc_invite,mobile_sdk,Android,hi,2025-03-09 10:43:00,SES244185,Google Ads,,RATE_NOT_COMPETITIVE
EVT00001215,USR000359,landing,mobile_sdk,Android,hi,2025-01-18 00:31:00,SES842885,Google Ads,3365,
EVT00001216,USR000359,rate_check,mobile_sdk,Android,hi,2025-01-18 01:00:00,SES450568,Google Ads,,
EVT00001217,USR000359,register,mobile_sdk,Android,hi,2025-01-18 03:01:00,SES315476,Google Ads,,
EVT00001218,USR000359,otp_verify,mobile_sdk,Android,hi,2025-01-18 05:35:00,SES374049,Google Ads,,
EVT00001219,USR000359,kyc_pan,mobile_sdk,Android,hi,2025-01-18 07:59:00,SES462900,Google Ads,,
EVT00001220,USR000359,kyc_address,mobile_sdk,Android,hi,2025-01-18 10:49:00,SES543675,Google Ads,,
EVT00001221,USR000359,vkyc_invite,mobile_sdk,Android,hi,2025-01-18 12:52:00,SES475940,Google Ads,,
EVT00001222,USR000359,vkyc_session,mobile_sdk,Android,hi,2025-01-18 15:04:00,SES828750,Google Ads,,
EVT00001223,USR000359,vkyc_complete,mobile_sdk,Android,hi,2025-01-18 17:36:00,SES826358,Google Ads,,USER_ABANDONED
EVT00001224M,USR000360,landing,mobile_sdk,Android,en,2025-10-20 06:26:00,SES760077,Referral,1931,
EVT00001225,USR000361,landing,mobile_sdk,Web-Mobile,ta,2026-02-21 12:38:00,SES613458,Google Ads,2241,
EVT00001226,USR000361,rate_check,mobile_sdk,Web-Mobile,ta,2026-02-21 15:13:00,SES536479,Google Ads,,VKYC_AGENT_BUSY
EVT00001227M,USR000362,landing,mobile_sdk,iOS,en,2025-06-24 23:29:00,SES916109,Organic search,2421,
EVT00001228,USR000363,landing,mobile_sdk,Android,te,2025-02-22 23:02:00,SES216821,WhatsApp,3469,
EVT00001229,USR000363,rate_check,mobile_sdk,Android,te,2025-02-23 00:17:00,SES248091,WhatsApp,,
EVT00001230,USR000363,register,mobile_sdk,Android,te,2025-02-23 01:45:00,SES752379,WhatsApp,,
EVT00001231,USR000363,otp_verify,mobile_sdk,Android,te,2025-02-23 01:49:00,SES837466,WhatsApp,,
EVT00001232,USR000363,kyc_pan,mobile_sdk,Android,te,2025-02-23 04:31:00,SES295431,WhatsApp,,
EVT00001233,USR000363,kyc_address,mobile_sdk,Android,te,2025-02-23 05:14:00,SES239577,WhatsApp,,
EVT00001234,USR000363,vkyc_invite,mobile_sdk,Android,te,2025-02-23 05:39:00,SES622781,WhatsApp,,
EVT00001235M,USR000364,landing,mobile_sdk,Android,mr,2025-06-27 08:53:00,SES162158,Organic search,1518,
EVT00001236M,USR000364,rate_check,mobile_sdk,Android,mr,2025-06-27 09:49:00,SES448225,Organic search,,
EVT00001237M,USR000364,register,mobile_sdk,Android,mr,2025-06-27 10:10:00,SES334074,Organic search,,
EVT00001238M,USR000364,otp_verify,mobile_sdk,Android,mr,2025-06-27 09:33:00,SES343943,Organic search,,
EVT00001239M,USR000364,kyc_pan,mobile_sdk,iOS,mr,2025-06-27 09:09:00,SES149154,Organic search,,
EVT00001240,USR000365,landing,mobile_sdk,Android,en,2025-06-09 21:37:00,SES822343,Meta Ads,2172,
EVT00001241,USR000365,rate_check,mobile_sdk,Android,en,2025-06-09 23:59:00,SES485894,Meta Ads,,
EVT00001242,USR000365,register,mobile_sdk,Android,en,2025-06-10 01:43:00,SES284219,Meta Ads,,USER_ABANDONED
EVT00001243,USR000366,landing,mobile_sdk,Android,hi,2025-11-10 09:03:00,SES764664,Meta Ads,399,
EVT00001244,USR000366,rate_check,mobile_sdk,Android,hi,2025-11-10 09:15:00,SES639132,Meta Ads,,
EVT00001245,USR000368,landing,mobile_sdk,Android,en,2025-09-21 13:33:00,SES560511,Influencer-IG,756,
EVT00001246,USR000368,rate_check,mobile_sdk,Android,en,2025-09-21 15:33:00,SES983574,Influencer-IG,,DOC_REJECTED
EVT00001247,USR000370,landing,mobile_sdk,iOS,en,2025-07-12 05:00:00,SES696647,Referral,1233,
EVT00001248,USR000370,rate_check,mobile_sdk,iOS,en,2025-07-12 06:08:00,SES952816,Referral,,
EVT00001249,USR000370,register,mobile_sdk,iOS,en,2025-07-12 06:34:00,SES397273,Referral,,
EVT00001250,USR000370,otp_verify,mobile_sdk,iOS,en,2025-07-12 07:53:00,SES541077,Referral,,
EVT00001251,USR000370,kyc_pan,mobile_sdk,iOS,en,2025-07-12 09:26:00,SES608549,Referral,,
EVT00001252,USR000370,kyc_address,mobile_sdk,iOS,en,2025-07-12 09:44:00,SES936986,Referral,,
EVT00001253,USR000370,vkyc_invite,mobile_sdk,iOS,en,2025-07-12 11:06:00,SES267825,Referral,,
EVT00001254,USR000370,vkyc_session,mobile_sdk,iOS,en,2025-07-12 13:17:00,SES892940,Referral,,
EVT00001255,USR000370,vkyc_complete,mobile_sdk,iOS,en,2025-07-12 16:08:00,SES935939,Referral,,
EVT00001256,USR000370,bank_link,mobile_sdk,iOS,en,2025-07-12 17:46:00,SES433449,Referral,,
EVT00001257,USR000370,fd_amount_select,mobile_sdk,iOS,en,2025-07-12 20:10:00,SES740026,Referral,,
EVT00001258,USR000370,fd_tenure_select,mobile_sdk,iOS,en,2025-07-12 20:17:00,SES362146,Referral,,
EVT00001259,USR000370,fd_review,mobile_sdk,iOS,en,2025-07-12 20:39:00,SES598764,Referral,,
EVT00001260,USR000370,fd_book_success,mobile_sdk,iOS,en,2025-07-12 21:55:00,SES262797,Referral,,
EVT00001261M,USR000371,landing,mobile_sdk,iOS,en,2025-11-17 00:40:00,SES993187,Google Ads,2278,
EVT00001262M,USR000371,rate_check,mobile_sdk,iOS,en,2025-11-17 01:15:00,SES295074,Google Ads,,
EVT00001263M,USR000371,register,mobile_sdk,Android,en,2025-11-17 00:57:00,SES997032,Google Ads,,
EVT00001264M,USR000371,otp_verify,mobile_sdk,Android,en,2025-11-17 00:58:00,SES411974,Google Ads,,
EVT00001265M,USR000371,kyc_pan,mobile_sdk,Android,en,2025-11-17 01:56:00,SES327053,Google Ads,,
EVT00001266M,USR000371,kyc_address,mobile_sdk,iOS,en,2025-11-17 00:46:00,SES154481,Google Ads,,
EVT00001267M,USR000373,landing,mobile_sdk,Android,ml,2025-06-06 16:07:00,SES845306,Referral,2414,
EVT00001268M,USR000373,rate_check,mobile_sdk,iOS,ml,2025-06-06 16:09:00,SES102170,Referral,,
EVT00001269M,USR000373,register,mobile_sdk,Android,ml,2025-06-06 16:16:00,SES716805,Referral,,
EVT00001270M,USR000373,otp_verify,mobile_sdk,Android,ml,2025-06-06 16:32:00,SES950139,Referral,,
EVT00001271M,USR000373,kyc_pan,mobile_sdk,Android,ml,2025-06-06 16:16:00,SES810085,Referral,,
EVT00001272M,USR000373,kyc_address,mobile_sdk,iOS,ml,2025-06-06 16:04:00,SES566418,Referral,,
EVT00001273M,USR000377,landing,mobile_sdk,Android,mr,2025-08-03 23:20:00,SES627560,Influencer-IG,853,
EVT00001274M,USR000377,rate_check,mobile_sdk,iOS,mr,2025-08-03 23:26:00,SES405008,Influencer-IG,,
EVT00001275M,USR000377,register,mobile_sdk,Android,mr,2025-08-03 23:52:00,SES139129,Influencer-IG,,
EVT00001276M,USR000377,otp_verify,mobile_sdk,Android,mr,2025-08-04 00:19:00,SES954220,Influencer-IG,,
EVT00001277,USR000379,landing,mobile_sdk,Android,hi,2026-03-09 16:02:00,SES714031,WhatsApp,3369,
EVT00001278,USR000379,rate_check,mobile_sdk,Android,hi,2026-03-09 18:04:00,SES774129,WhatsApp,,VALIDATION_FAIL
EVT00001279,USR000380,landing,mobile_sdk,iOS,mr,2026-03-13 13:58:00,SES673345,Email,1283,
EVT00001280,USR000380,rate_check,mobile_sdk,iOS,mr,2026-03-13 15:32:00,SES627349,Email,,TIMEOUT
EVT00001281,USR000383,landing,mobile_sdk,Android,bn,2025-09-23 06:53:00,SES503573,Direct,1565,
EVT00001282,USR000383,rate_check,mobile_sdk,Android,bn,2025-09-23 08:06:00,SES266258,Direct,,
EVT00001283,USR000383,register,mobile_sdk,Android,bn,2025-09-23 08:59:00,SES562388,Direct,,
EVT00001284,USR000383,otp_verify,mobile_sdk,Android,bn,2025-09-23 10:05:00,SES558215,Direct,,
EVT00001285,USR000383,kyc_pan,mobile_sdk,Android,bn,2025-09-23 11:44:00,SES881562,Direct,,
EVT00001286,USR000383,kyc_address,mobile_sdk,Android,bn,2025-09-23 12:27:00,SES529228,Direct,,
EVT00001287,USR000383,vkyc_invite,mobile_sdk,Android,bn,2025-09-23 14:31:00,SES508777,Direct,,VALIDATION_FAIL
EVT00001288M,USR000384,landing,mobile_sdk,Android,kn,2025-07-21 21:05:00,SES747375,Influencer-IG,1750,
EVT00001289M,USR000385,landing,mobile_sdk,Android,ml,2025-06-25 20:30:00,SES636582,Email,1106,
EVT00001290M,USR000385,rate_check,mobile_sdk,iOS,ml,2025-06-25 21:14:00,SES627072,Email,,
EVT00001291M,USR000385,register,mobile_sdk,Android,ml,2025-06-25 20:55:00,SES436264,Email,,
EVT00001292M,USR000385,otp_verify,mobile_sdk,Android,ml,2025-06-25 21:38:00,SES902714,Email,,
EVT00001293M,USR000385,kyc_pan,mobile_sdk,Android,ml,2025-06-25 21:40:00,SES898197,Email,,
EVT00001294M,USR000385,kyc_address,mobile_sdk,Android,ml,2025-06-25 21:00:00,SES869288,Email,,
EVT00001295,USR000388,landing,mobile_sdk,Android,en,2025-03-21 16:45:00,SES386883,Meta Ads,3417,
EVT00001296,USR000388,rate_check,mobile_sdk,Android,en,2025-03-21 19:25:00,SES605817,Meta Ads,,RATE_NOT_COMPETITIVE
EVT00001297M,USR000389,landing,mobile_sdk,Android,hi,2025-10-27 00:19:00,SES831944,Direct,1078,
EVT00001298M,USR000389,rate_check,mobile_sdk,Android,hi,2025-10-27 00:41:00,SES536364,Direct,,
EVT00001299M,USR000389,register,mobile_sdk,Android,hi,2025-10-26 23:38:00,SES739230,Direct,,
EVT00001300,USR000390,landing,mobile_sdk,Web-Mobile,ta,2025-06-24 04:13:00,SES188432,Influencer-IG,356,USER_ABANDONED
EVT00001301,USR000391,landing,mobile_sdk,Android,bn,2026-03-01 10:01:00,SES406243,Google Ads,391,USER_ABANDONED
EVT00001302M,USR000392,landing,mobile_sdk,Android,hi,2025-04-19 15:04:00,SES455186,WhatsApp,1118,
EVT00001303M,USR000392,rate_check,mobile_sdk,Android,hi,2025-04-19 14:57:00,SES165389,WhatsApp,,
EVT00001304M,USR000392,register,mobile_sdk,Android,hi,2025-04-19 15:04:00,SES256936,WhatsApp,,
EVT00001305M,USR000392,otp_verify,mobile_sdk,iOS,hi,2025-04-19 15:08:00,SES277496,WhatsApp,,
EVT00001306M,USR000392,kyc_pan,mobile_sdk,iOS,hi,2025-04-19 16:03:00,SES743875,WhatsApp,,
EVT00001307,USR000394,landing,mobile_sdk,iOS,kn,2025-08-31 12:52:00,SES745918,Organic search,2302,
EVT00001308,USR000394,rate_check,mobile_sdk,iOS,kn,2025-08-31 13:09:00,SES141592,Organic search,,
EVT00001309,USR000394,register,mobile_sdk,iOS,kn,2025-08-31 13:38:00,SES395292,Organic search,,
EVT00001310,USR000394,otp_verify,mobile_sdk,iOS,kn,2025-08-31 13:59:00,SES185525,Organic search,,
EVT00001311,USR000394,kyc_pan,mobile_sdk,iOS,kn,2025-08-31 15:48:00,SES340514,Organic search,,
EVT00001312,USR000394,kyc_address,mobile_sdk,iOS,kn,2025-08-31 18:12:00,SES257097,Organic search,,
EVT00001313,USR000394,vkyc_invite,mobile_sdk,iOS,kn,2025-08-31 19:45:00,SES217517,Organic search,,
EVT00001314,USR000394,vkyc_session,mobile_sdk,iOS,kn,2025-08-31 20:51:00,SES910559,Organic search,,RATE_NOT_COMPETITIVE
EVT00001315,USR000395,landing,mobile_sdk,Android,hi,2026-01-07 18:42:00,SES504903,WhatsApp,677,
EVT00001316,USR000395,rate_check,mobile_sdk,Android,hi,2026-01-07 19:20:00,SES213820,WhatsApp,,DOC_REJECTED
EVT00001317,USR000396,landing,mobile_sdk,Android,en,2025-03-07 02:40:00,SES952222,Direct,1518,
EVT00001318,USR000396,rate_check,mobile_sdk,Android,en,2025-03-07 03:58:00,SES924907,Direct,,
EVT00001319,USR000396,register,mobile_sdk,Android,en,2025-03-07 05:38:00,SES431502,Direct,,
EVT00001320,USR000396,otp_verify,mobile_sdk,Android,en,2025-03-07 06:19:00,SES840409,Direct,,
EVT00001321,USR000396,kyc_pan,mobile_sdk,Android,en,2025-03-07 07:00:00,SES850783,Direct,,
EVT00001322,USR000396,kyc_address,mobile_sdk,Android,en,2025-03-07 09:13:00,SES795599,Direct,,
EVT00001323,USR000396,vkyc_invite,mobile_sdk,Android,en,2025-03-07 09:50:00,SES441415,Direct,,
EVT00001324,USR000396,vkyc_session,mobile_sdk,Android,en,2025-03-07 10:58:00,SES767433,Direct,,
EVT00001325,USR000396,vkyc_complete,mobile_sdk,Android,en,2025-03-07 12:23:00,SES829091,Direct,,
EVT00001326,USR000396,bank_link,mobile_sdk,Android,en,2025-03-07 13:52:00,SES747693,Direct,,
EVT00001327,USR000396,fd_amount_select,mobile_sdk,Android,en,2025-03-07 15:17:00,SES102069,Direct,,
EVT00001328,USR000396,fd_tenure_select,mobile_sdk,Android,en,2025-03-07 16:01:00,SES408700,Direct,,
EVT00001329,USR000396,fd_review,mobile_sdk,Android,en,2025-03-07 17:06:00,SES782463,Direct,,
EVT00001330,USR000396,fd_book_success,mobile_sdk,Android,en,2025-03-07 18:54:00,SES325726,Direct,,
EVT00001331,USR000397,landing,mobile_sdk,Web-Mobile,bn,2025-11-07 22:59:00,SES220972,Meta Ads,2881,
EVT00001332,USR000397,rate_check,mobile_sdk,Web-Mobile,bn,2025-11-08 00:22:00,SES401447,Meta Ads,,
EVT00001333,USR000397,register,mobile_sdk,Web-Mobile,bn,2025-11-08 02:30:00,SES231016,Meta Ads,,
EVT00001334,USR000397,otp_verify,mobile_sdk,Web-Mobile,bn,2025-11-08 03:20:00,SES261096,Meta Ads,,USER_ABANDONED
EVT00001335M,USR000399,landing,mobile_sdk,Android,en,2025-01-26 12:09:00,SES146029,Email,1345,
EVT00001336M,USR000399,rate_check,mobile_sdk,Android,en,2025-01-26 12:14:00,SES706716,Email,,
EVT00001337M,USR000399,register,mobile_sdk,Android,en,2025-01-26 12:38:00,SES570928,Email,,
EVT00001338M,USR000399,otp_verify,mobile_sdk,Android,en,2025-01-26 12:40:00,SES496720,Email,,
EVT00001339,USR000401,landing,mobile_sdk,Android,en,2025-12-06 16:47:00,SES412271,Influencer-YT,2618,
EVT00001340,USR000401,rate_check,mobile_sdk,Android,en,2025-12-06 17:53:00,SES970793,Influencer-YT,,
EVT00001341,USR000401,register,mobile_sdk,Android,en,2025-12-06 20:37:00,SES626521,Influencer-YT,,
EVT00001342,USR000401,otp_verify,mobile_sdk,Android,en,2025-12-06 21:55:00,SES526807,Influencer-YT,,
EVT00001343,USR000401,kyc_pan,mobile_sdk,Android,en,2025-12-06 23:54:00,SES851793,Influencer-YT,,
EVT00001344,USR000401,kyc_address,mobile_sdk,Android,en,2025-12-07 00:57:00,SES821280,Influencer-YT,,
EVT00001345,USR000401,vkyc_invite,mobile_sdk,Android,en,2025-12-07 03:40:00,SES572072,Influencer-YT,,USER_ABANDONED
EVT00001346,USR000402,landing,mobile_sdk,Web-Desktop,gu,2026-02-18 23:00:00,SES626369,Meta Ads,3237,
EVT00001347,USR000402,rate_check,mobile_sdk,Web-Desktop,gu,2026-02-19 01:43:00,SES983238,Meta Ads,,DOC_REJECTED
EVT00001348,USR000403,landing,mobile_sdk,iOS,hi,2025-05-24 03:38:00,SES921024,Organic search,3361,
EVT00001349,USR000403,rate_check,mobile_sdk,iOS,hi,2025-05-24 05:38:00,SES904793,Organic search,,
EVT00001350,USR000403,register,mobile_sdk,iOS,hi,2025-05-24 07:01:00,SES369545,Organic search,,
EVT00001351,USR000403,otp_verify,mobile_sdk,iOS,hi,2025-05-24 09:18:00,SES762254,Organic search,,
EVT00001352,USR000403,kyc_pan,mobile_sdk,iOS,hi,2025-05-24 11:26:00,SES419940,Organic search,,
EVT00001353,USR000403,kyc_address,mobile_sdk,iOS,hi,2025-05-24 12:41:00,SES549152,Organic search,,
EVT00001354,USR000403,vkyc_invite,mobile_sdk,iOS,hi,2025-05-24 14:09:00,SES758517,Organic search,,
EVT00001355,USR000403,vkyc_session,mobile_sdk,iOS,hi,2025-05-24 14:25:00,SES298290,Organic search,,
EVT00001356,USR000403,vkyc_complete,mobile_sdk,iOS,hi,2025-05-24 14:33:00,SES855058,Organic search,,USER_ABANDONED
EVT00001357M,USR000404,landing,mobile_sdk,Android,hi,2025-10-18 09:59:00,SES948796,Organic search,2031,
EVT00001358M,USR000404,rate_check,mobile_sdk,iOS,hi,2025-10-18 09:54:00,SES181776,Organic search,,
EVT00001359M,USR000404,register,mobile_sdk,Android,hi,2025-10-18 11:11:00,SES108419,Organic search,,
EVT00001360,USR000405,landing,mobile_sdk,Android,en,2025-04-08 11:30:00,SES182822,Referral,1638,
EVT00001361,USR000405,rate_check,mobile_sdk,Android,en,2025-04-08 13:46:00,SES213199,Referral,,
EVT00001362,USR000405,register,mobile_sdk,Android,en,2025-04-08 14:26:00,SES322155,Referral,,USER_ABANDONED
EVT00001363M,USR000408,landing,mobile_sdk,Android,mr,2026-02-16 00:50:00,SES336230,Organic search,686,
EVT00001364M,USR000408,rate_check,mobile_sdk,Android,mr,2026-02-16 01:59:00,SES516263,Organic search,,
EVT00001365M,USR000408,register,mobile_sdk,Android,mr,2026-02-16 00:51:00,SES533129,Organic search,,
EVT00001366M,USR000408,otp_verify,mobile_sdk,Android,mr,2026-02-16 01:43:00,SES763646,Organic search,,
EVT00001367M,USR000408,kyc_pan,mobile_sdk,iOS,mr,2026-02-16 01:21:00,SES272974,Organic search,,
EVT00001368M,USR000408,kyc_address,mobile_sdk,Android,mr,2026-02-16 01:29:00,SES337320,Organic search,,
EVT00001369M,USR000410,landing,mobile_sdk,iOS,hi,2025-03-07 21:06:00,SES240890,Organic search,2332,
EVT00001370M,USR000410,rate_check,mobile_sdk,iOS,hi,2025-03-07 21:08:00,SES153594,Organic search,,
EVT00001371M,USR000410,register,mobile_sdk,Android,hi,2025-03-07 21:04:00,SES372173,Organic search,,
EVT00001372M,USR000410,otp_verify,mobile_sdk,Android,hi,2025-03-07 21:42:00,SES452372,Organic search,,
EVT00001373M,USR000411,landing,mobile_sdk,Android,hi,2026-05-02 01:07:00,SES224207,WhatsApp,568,
EVT00001374M,USR000411,rate_check,mobile_sdk,Android,hi,2026-05-02 00:52:00,SES437351,WhatsApp,,
EVT00001375M,USR000411,register,mobile_sdk,Android,hi,2026-05-02 00:39:00,SES874802,WhatsApp,,
EVT00001376M,USR000411,otp_verify,mobile_sdk,iOS,hi,2026-05-01 23:56:00,SES561567,WhatsApp,,
EVT00001377M,USR000411,kyc_pan,mobile_sdk,Android,hi,2026-05-02 01:01:00,SES234273,WhatsApp,,
EVT00001378M,USR000411,kyc_address,mobile_sdk,Android,hi,2026-05-02 00:47:00,SES990856,WhatsApp,,
EVT00001379,USR000413,landing,mobile_sdk,Web-Mobile,hi,2025-03-04 21:20:00,SES479742,Email,2354,
EVT00001380,USR000413,rate_check,mobile_sdk,Web-Mobile,hi,2025-03-04 23:26:00,SES945888,Email,,USER_ABANDONED
EVT00001381M,USR000416,landing,mobile_sdk,Android,bn,2025-09-25 19:11:00,SES817325,Organic search,1003,
EVT00001382M,USR000416,rate_check,mobile_sdk,Android,bn,2025-09-25 20:11:00,SES813929,Organic search,,
EVT00001383M,USR000416,register,mobile_sdk,iOS,bn,2025-09-25 18:49:00,SES921516,Organic search,,
EVT00001384M,USR000416,otp_verify,mobile_sdk,iOS,bn,2025-09-25 19:50:00,SES913814,Organic search,,
EVT00001385M,USR000416,kyc_pan,mobile_sdk,Android,bn,2025-09-25 19:24:00,SES856636,Organic search,,
EVT00001386M,USR000416,kyc_address,mobile_sdk,Android,bn,2025-09-25 19:09:00,SES924234,Organic search,,
EVT00001387M,USR000417,landing,mobile_sdk,Android,hi,2026-01-04 23:40:00,SES692837,Email,1247,
EVT00001388M,USR000417,rate_check,mobile_sdk,Android,hi,2026-01-04 23:43:00,SES699636,Email,,
EVT00001389M,USR000417,register,mobile_sdk,iOS,hi,2026-01-04 23:02:00,SES187865,Email,,
EVT00001390,USR000418,landing,mobile_sdk,iOS,ta,2025-08-28 22:22:00,SES427340,WhatsApp,296,
EVT00001391,USR000418,rate_check,mobile_sdk,iOS,ta,2025-08-28 22:55:00,SES204211,WhatsApp,,
EVT00001392,USR000418,register,mobile_sdk,iOS,ta,2025-08-29 00:36:00,SES851378,WhatsApp,,
EVT00001393,USR000418,otp_verify,mobile_sdk,iOS,ta,2025-08-29 00:39:00,SES850535,WhatsApp,,
EVT00001394,USR000418,kyc_pan,mobile_sdk,iOS,ta,2025-08-29 02:24:00,SES361958,WhatsApp,,
EVT00001395,USR000418,kyc_address,mobile_sdk,iOS,ta,2025-08-29 05:20:00,SES487266,WhatsApp,,
EVT00001396,USR000418,vkyc_invite,mobile_sdk,iOS,ta,2025-08-29 07:41:00,SES441141,WhatsApp,,
EVT00001397,USR000418,vkyc_session,mobile_sdk,iOS,ta,2025-08-29 08:19:00,SES723582,WhatsApp,,
EVT00001398,USR000418,vkyc_complete,mobile_sdk,iOS,ta,2025-08-29 10:09:00,SES958943,WhatsApp,,
EVT00001399,USR000418,bank_link,mobile_sdk,iOS,ta,2025-08-29 10:33:00,SES308949,WhatsApp,,
EVT00001400,USR000418,fd_amount_select,mobile_sdk,iOS,ta,2025-08-29 10:49:00,SES977154,WhatsApp,,
EVT00001401,USR000418,fd_tenure_select,mobile_sdk,iOS,ta,2025-08-29 11:51:00,SES938341,WhatsApp,,
EVT00001402,USR000418,fd_review,mobile_sdk,iOS,ta,2025-08-29 13:44:00,SES182349,WhatsApp,,
EVT00001403,USR000418,fd_book_success,mobile_sdk,iOS,ta,2025-08-29 14:59:00,SES635999,WhatsApp,,
EVT00001404,USR000419,landing,mobile_sdk,Web-Mobile,kn,2025-09-24 11:19:00,SES308483,Email,301,USER_ABANDONED
EVT00001405M,USR000420,landing,mobile_sdk,Android,mr,2025-05-03 07:48:00,SES806511,Influencer-IG,1582,
EVT00001406,USR000421,landing,mobile_sdk,iOS,kn,2026-01-10 19:50:00,SES185855,Organic search,373,
EVT00001407,USR000421,rate_check,mobile_sdk,iOS,kn,2026-01-10 22:28:00,SES529661,Organic search,,
EVT00001408,USR000421,register,mobile_sdk,iOS,kn,2026-01-10 23:22:00,SES242548,Organic search,,
EVT00001409,USR000421,otp_verify,mobile_sdk,iOS,kn,2026-01-11 00:28:00,SES620568,Organic search,,
EVT00001410,USR000421,kyc_pan,mobile_sdk,iOS,kn,2026-01-11 00:56:00,SES780011,Organic search,,
EVT00001411,USR000421,kyc_address,mobile_sdk,iOS,kn,2026-01-11 01:13:00,SES289410,Organic search,,
EVT00001412,USR000421,vkyc_invite,mobile_sdk,iOS,kn,2026-01-11 01:17:00,SES807129,Organic search,,
EVT00001413,USR000421,vkyc_session,mobile_sdk,iOS,kn,2026-01-11 02:24:00,SES304990,Organic search,,
EVT00001414,USR000421,vkyc_complete,mobile_sdk,iOS,kn,2026-01-11 04:38:00,SES397306,Organic search,,
EVT00001415,USR000421,bank_link,mobile_sdk,iOS,kn,2026-01-11 05:32:00,SES433817,Organic search,,
EVT00001416,USR000421,fd_amount_select,mobile_sdk,iOS,kn,2026-01-11 07:12:00,SES152516,Organic search,,USER_ABANDONED
EVT00001417M,USR000423,landing,mobile_sdk,Android,en,2025-06-10 00:48:00,SES650222,Email,423,
EVT00001418M,USR000423,rate_check,mobile_sdk,Android,en,2025-06-10 01:34:00,SES880630,Email,,
EVT00001419M,USR000424,landing,mobile_sdk,Android,ml,2025-12-30 07:53:00,SES920695,Organic search,474,
EVT00001420M,USR000424,rate_check,mobile_sdk,Android,ml,2025-12-30 09:04:00,SES335767,Organic search,,
EVT00001421M,USR000427,landing,mobile_sdk,iOS,en,2025-06-20 01:23:00,SES426280,Direct,1823,
EVT00001422M,USR000427,rate_check,mobile_sdk,Android,en,2025-06-20 02:26:00,SES567509,Direct,,
EVT00001423M,USR000427,register,mobile_sdk,Android,en,2025-06-20 01:59:00,SES430619,Direct,,
EVT00001424M,USR000427,otp_verify,mobile_sdk,Android,en,2025-06-20 01:54:00,SES220481,Direct,,
EVT00001425M,USR000427,kyc_pan,mobile_sdk,Android,en,2025-06-20 02:24:00,SES684816,Direct,,
EVT00001426M,USR000427,kyc_address,mobile_sdk,iOS,en,2025-06-20 01:35:00,SES445947,Direct,,
EVT00001427M,USR000428,landing,mobile_sdk,Android,te,2025-10-01 01:20:00,SES425417,Direct,1673,
EVT00001428M,USR000428,rate_check,mobile_sdk,iOS,te,2025-10-01 01:46:00,SES535985,Direct,,
EVT00001429M,USR000428,register,mobile_sdk,Android,te,2025-10-01 01:30:00,SES549661,Direct,,
EVT00001430M,USR000428,otp_verify,mobile_sdk,Android,te,2025-10-01 01:05:00,SES927539,Direct,,
EVT00001431M,USR000428,kyc_pan,mobile_sdk,iOS,te,2025-10-01 01:38:00,SES182011,Direct,,
EVT00001432M,USR000428,kyc_address,mobile_sdk,Android,te,2025-10-01 00:48:00,SES880419,Direct,,
EVT00001433M,USR000429,landing,mobile_sdk,iOS,hi,2025-08-10 08:56:00,SES967182,Influencer-IG,674,
EVT00001434M,USR000429,rate_check,mobile_sdk,iOS,hi,2025-08-10 09:28:00,SES542059,Influencer-IG,,
EVT00001435M,USR000429,register,mobile_sdk,Android,hi,2025-08-10 08:55:00,SES264626,Influencer-IG,,
EVT00001436M,USR000429,otp_verify,mobile_sdk,iOS,hi,2025-08-10 08:14:00,SES957728,Influencer-IG,,
EVT00001437M,USR000429,kyc_pan,mobile_sdk,iOS,hi,2025-08-10 08:15:00,SES736364,Influencer-IG,,
EVT00001438M,USR000429,kyc_address,mobile_sdk,Android,hi,2025-08-10 08:57:00,SES813136,Influencer-IG,,
EVT00001439,USR000430,landing,mobile_sdk,Web-Mobile,en,2026-04-22 15:25:00,SES135097,Google Ads,3192,
EVT00001440,USR000430,rate_check,mobile_sdk,Web-Mobile,en,2026-04-22 18:21:00,SES685820,Google Ads,,RATE_NOT_COMPETITIVE
EVT00001441,USR000431,landing,mobile_sdk,iOS,te,2025-08-05 15:29:00,SES645020,Meta Ads,941,
EVT00001442,USR000431,rate_check,mobile_sdk,iOS,te,2025-08-05 15:44:00,SES112837,Meta Ads,,VALIDATION_FAIL
EVT00001443,USR000434,landing,mobile_sdk,Web-Mobile,en,2025-07-06 14:11:00,SES929089,Organic search,2261,
EVT00001444,USR000434,rate_check,mobile_sdk,Web-Mobile,en,2025-07-06 16:56:00,SES752415,Organic search,,
EVT00001445,USR000434,register,mobile_sdk,Web-Mobile,en,2025-07-06 19:17:00,SES636862,Organic search,,
EVT00001446,USR000434,otp_verify,mobile_sdk,Web-Mobile,en,2025-07-06 20:47:00,SES995015,Organic search,,
EVT00001447,USR000434,kyc_pan,mobile_sdk,Web-Mobile,en,2025-07-06 22:53:00,SES749297,Organic search,,
EVT00001448,USR000434,kyc_address,mobile_sdk,Web-Mobile,en,2025-07-07 00:25:00,SES587842,Organic search,,
EVT00001449,USR000434,vkyc_invite,mobile_sdk,Web-Mobile,en,2025-07-07 02:28:00,SES189445,Organic search,,DOC_REJECTED
EVT00001450M,USR000435,landing,mobile_sdk,iOS,en,2026-03-06 17:00:00,SES285513,Google Ads,1042,
EVT00001451M,USR000435,rate_check,mobile_sdk,iOS,en,2026-03-06 16:58:00,SES201118,Google Ads,,
EVT00001452M,USR000436,landing,mobile_sdk,iOS,ta,2025-08-06 09:44:00,SES949610,Google Ads,1475,
EVT00001453,USR000438,landing,mobile_sdk,Android,hi,2026-03-30 05:36:00,SES984899,WhatsApp,569,
EVT00001454,USR000438,rate_check,mobile_sdk,Android,hi,2026-03-30 06:34:00,SES326494,WhatsApp,,
EVT00001455,USR000438,register,mobile_sdk,Android,hi,2026-03-30 08:59:00,SES395942,WhatsApp,,
EVT00001456,USR000438,otp_verify,mobile_sdk,Android,hi,2026-03-30 11:01:00,SES558482,WhatsApp,,
EVT00001457,USR000438,kyc_pan,mobile_sdk,Android,hi,2026-03-30 13:43:00,SES889715,WhatsApp,,
EVT00001458,USR000438,kyc_address,mobile_sdk,Android,hi,2026-03-30 16:40:00,SES174087,WhatsApp,,
EVT00001459,USR000438,vkyc_invite,mobile_sdk,Android,hi,2026-03-30 18:59:00,SES383612,WhatsApp,,
EVT00001460,USR000438,vkyc_session,mobile_sdk,Android,hi,2026-03-30 21:41:00,SES812728,WhatsApp,,
EVT00001461,USR000438,vkyc_complete,mobile_sdk,Android,hi,2026-03-31 00:13:00,SES601065,WhatsApp,,USER_ABANDONED
EVT00001462,USR000439,landing,mobile_sdk,Web-Desktop,en,2026-03-14 04:14:00,SES544762,Direct,2403,
EVT00001463,USR000439,rate_check,mobile_sdk,Web-Desktop,en,2026-03-14 04:32:00,SES250447,Direct,,
EVT00001464,USR000439,register,mobile_sdk,Web-Desktop,en,2026-03-14 06:58:00,SES570437,Direct,,
EVT00001465,USR000439,otp_verify,mobile_sdk,Web-Desktop,en,2026-03-14 08:35:00,SES259739,Direct,,
EVT00001466,USR000439,kyc_pan,mobile_sdk,Web-Desktop,en,2026-03-14 11:18:00,SES999039,Direct,,
EVT00001467,USR000439,kyc_address,mobile_sdk,Web-Desktop,en,2026-03-14 12:35:00,SES761674,Direct,,
EVT00001468,USR000439,vkyc_invite,mobile_sdk,Web-Desktop,en,2026-03-14 12:53:00,SES394381,Direct,,
EVT00001469,USR000439,vkyc_session,mobile_sdk,Web-Desktop,en,2026-03-14 13:24:00,SES461180,Direct,,
EVT00001470,USR000439,vkyc_complete,mobile_sdk,Web-Desktop,en,2026-03-14 16:15:00,SES636986,Direct,,
EVT00001471,USR000439,bank_link,mobile_sdk,Web-Desktop,en,2026-03-14 19:11:00,SES418945,Direct,,
EVT00001472,USR000439,fd_amount_select,mobile_sdk,Web-Desktop,en,2026-03-14 21:56:00,SES704379,Direct,,
EVT00001473,USR000439,fd_tenure_select,mobile_sdk,Web-Desktop,en,2026-03-14 23:29:00,SES356927,Direct,,
EVT00001474,USR000439,fd_review,mobile_sdk,Web-Desktop,en,2026-03-14 23:46:00,SES286911,Direct,,
EVT00001475,USR000439,fd_book_success,mobile_sdk,Web-Desktop,en,2026-03-14 23:59:00,SES133434,Direct,,
EVT00001476,USR000440,landing,mobile_sdk,Android,bn,2025-08-28 06:20:00,SES150051,Referral,3369,USER_ABANDONED
EVT00001477,USR000442,landing,mobile_sdk,Android,en,2025-11-15 08:47:00,SES355484,Google Ads,3449,
EVT00001478,USR000442,rate_check,mobile_sdk,Android,en,2025-11-15 09:51:00,SES328305,Google Ads,,VALIDATION_FAIL
EVT00001479M,USR000443,landing,mobile_sdk,Android,hi,2025-04-01 09:35:00,SES136766,Direct,544,
EVT00001480M,USR000443,rate_check,mobile_sdk,iOS,hi,2025-04-01 09:20:00,SES668309,Direct,,
EVT00001481M,USR000443,register,mobile_sdk,iOS,hi,2025-04-01 08:27:00,SES191115,Direct,,
EVT00001482M,USR000443,otp_verify,mobile_sdk,iOS,hi,2025-04-01 09:00:00,SES867599,Direct,,
EVT00001483M,USR000443,kyc_pan,mobile_sdk,Android,hi,2025-04-01 09:44:00,SES347405,Direct,,
EVT00001484M,USR000445,landing,mobile_sdk,Android,hi,2025-01-03 09:31:00,SES559857,Direct,2485,
EVT00001485M,USR000445,rate_check,mobile_sdk,iOS,hi,2025-01-03 09:35:00,SES420952,Direct,,
EVT00001486M,USR000445,register,mobile_sdk,Android,hi,2025-01-03 10:11:00,SES988885,Direct,,
EVT00001487M,USR000445,otp_verify,mobile_sdk,Android,hi,2025-01-03 09:40:00,SES111144,Direct,,
EVT00001488M,USR000445,kyc_pan,mobile_sdk,Android,hi,2025-01-03 10:24:00,SES768075,Direct,,
EVT00001489M,USR000445,kyc_address,mobile_sdk,iOS,hi,2025-01-03 10:08:00,SES400775,Direct,,
EVT00001490,USR000446,landing,mobile_sdk,Web-Desktop,en,2025-08-12 01:19:00,SES873625,Email,2624,
EVT00001491,USR000446,rate_check,mobile_sdk,Web-Desktop,en,2025-08-12 03:38:00,SES534751,Email,,
EVT00001492,USR000446,register,mobile_sdk,Web-Desktop,en,2025-08-12 04:56:00,SES730249,Email,,
EVT00001493,USR000446,otp_verify,mobile_sdk,Web-Desktop,en,2025-08-12 07:01:00,SES830809,Email,,
EVT00001494,USR000446,kyc_pan,mobile_sdk,Web-Desktop,en,2025-08-12 07:51:00,SES832720,Email,,
EVT00001495,USR000446,kyc_address,mobile_sdk,Web-Desktop,en,2025-08-12 08:45:00,SES856755,Email,,
EVT00001496,USR000446,vkyc_invite,mobile_sdk,Web-Desktop,en,2025-08-12 09:28:00,SES496453,Email,,
EVT00001497,USR000446,vkyc_session,mobile_sdk,Web-Desktop,en,2025-08-12 11:12:00,SES625553,Email,,
EVT00001498,USR000446,vkyc_complete,mobile_sdk,Web-Desktop,en,2025-08-12 13:58:00,SES818326,Email,,
EVT00001499,USR000446,bank_link,mobile_sdk,Web-Desktop,en,2025-08-12 15:32:00,SES490234,Email,,
EVT00001500,USR000446,fd_amount_select,mobile_sdk,Web-Desktop,en,2025-08-12 17:38:00,SES657105,Email,,
EVT00001501,USR000446,fd_tenure_select,mobile_sdk,Web-Desktop,en,2025-08-12 18:52:00,SES443596,Email,,
EVT00001502,USR000446,fd_review,mobile_sdk,Web-Desktop,en,2025-08-12 21:50:00,SES505297,Email,,
EVT00001503,USR000446,fd_book_success,mobile_sdk,Web-Desktop,en,2025-08-12 22:45:00,SES104463,Email,,
EVT00001504,USR000447,landing,mobile_sdk,Android,en,2025-06-06 06:14:00,SES315087,Meta Ads,253,
EVT00001505,USR000447,rate_check,mobile_sdk,Android,en,2025-06-06 06:43:00,SES333307,Meta Ads,,USER_ABANDONED
EVT00001506,USR000448,landing,mobile_sdk,Android,hi,2025-10-30 11:35:00,SES119984,WhatsApp,1239,
EVT00001507,USR000448,rate_check,mobile_sdk,Android,hi,2025-10-30 12:17:00,SES542040,WhatsApp,,
EVT00001508,USR000448,register,mobile_sdk,Android,hi,2025-10-30 13:19:00,SES825839,WhatsApp,,
EVT00001509,USR000448,otp_verify,mobile_sdk,Android,hi,2025-10-30 13:20:00,SES699780,WhatsApp,,
EVT00001510,USR000448,kyc_pan,mobile_sdk,Android,hi,2025-10-30 14:41:00,SES487834,WhatsApp,,
EVT00001511,USR000448,kyc_address,mobile_sdk,Android,hi,2025-10-30 17:27:00,SES775595,WhatsApp,,
EVT00001512,USR000448,vkyc_invite,mobile_sdk,Android,hi,2025-10-30 17:53:00,SES400385,WhatsApp,,
EVT00001513,USR000448,vkyc_session,mobile_sdk,Android,hi,2025-10-30 18:32:00,SES791532,WhatsApp,,
EVT00001514,USR000448,vkyc_complete,mobile_sdk,Android,hi,2025-10-30 20:21:00,SES285928,WhatsApp,,
EVT00001515,USR000448,bank_link,mobile_sdk,Android,hi,2025-10-30 23:10:00,SES365537,WhatsApp,,
EVT00001516,USR000448,fd_amount_select,mobile_sdk,Android,hi,2025-10-31 01:00:00,SES102559,WhatsApp,,
EVT00001517,USR000448,fd_tenure_select,mobile_sdk,Android,hi,2025-10-31 03:23:00,SES259615,WhatsApp,,
EVT00001518,USR000448,fd_review,mobile_sdk,Android,hi,2025-10-31 05:32:00,SES162273,WhatsApp,,
EVT00001519,USR000448,fd_book_success,mobile_sdk,Android,hi,2025-10-31 05:50:00,SES163818,WhatsApp,,
EVT00001520,USR000449,landing,mobile_sdk,Android,en,2025-10-15 18:15:00,SES910056,Email,3112,
EVT00001521,USR000449,rate_check,mobile_sdk,Android,en,2025-10-15 20:05:00,SES386088,Email,,TIMEOUT
EVT00001522M,USR000450,landing,mobile_sdk,iOS,en,2025-04-29 11:18:00,SES762499,Organic search,1085,
EVT00001523M,USR000450,rate_check,mobile_sdk,Android,en,2025-04-29 11:03:00,SES762493,Organic search,,
EVT00001524M,USR000450,register,mobile_sdk,Android,en,2025-04-29 10:15:00,SES648163,Organic search,,
EVT00001525M,USR000451,landing,mobile_sdk,iOS,hi,2025-09-01 12:46:00,SES160307,Email,2336,
EVT00001526M,USR000451,rate_check,mobile_sdk,iOS,hi,2025-09-01 11:47:00,SES261754,Email,,
EVT00001527M,USR000451,register,mobile_sdk,Android,hi,2025-09-01 12:48:00,SES660575,Email,,
EVT00001528,USR000453,landing,mobile_sdk,iOS,en,2025-12-08 21:06:00,SES247100,Influencer-IG,1768,
EVT00001529,USR000453,rate_check,mobile_sdk,iOS,en,2025-12-08 22:07:00,SES353349,Influencer-IG,,RATE_NOT_COMPETITIVE
EVT00001530M,USR000454,landing,mobile_sdk,Android,en,2026-03-19 16:39:00,SES963844,Organic search,1794,
EVT00001531M,USR000454,rate_check,mobile_sdk,Android,en,2026-03-19 16:35:00,SES708510,Organic search,,
EVT00001532M,USR000454,register,mobile_sdk,Android,en,2026-03-19 17:16:00,SES482027,Organic search,,
EVT00001533M,USR000454,otp_verify,mobile_sdk,Android,en,2026-03-19 16:48:00,SES522529,Organic search,,
EVT00001534M,USR000454,kyc_pan,mobile_sdk,Android,en,2026-03-19 17:41:00,SES598912,Organic search,,
EVT00001535M,USR000454,kyc_address,mobile_sdk,Android,en,2026-03-19 17:15:00,SES648821,Organic search,,
EVT00001536M,USR000457,landing,mobile_sdk,Android,te,2025-04-08 00:56:00,SES497266,WhatsApp,466,
EVT00001537M,USR000457,rate_check,mobile_sdk,iOS,te,2025-04-08 00:43:00,SES348452,WhatsApp,,
EVT00001538M,USR000457,register,mobile_sdk,Android,te,2025-04-08 00:03:00,SES111648,WhatsApp,,
EVT00001539,USR000458,landing,mobile_sdk,Web-Desktop,kn,2025-10-06 09:02:00,SES983290,Email,1898,
EVT00001540,USR000458,rate_check,mobile_sdk,Web-Desktop,kn,2025-10-06 11:39:00,SES593218,Email,,
EVT00001541,USR000458,register,mobile_sdk,Web-Desktop,kn,2025-10-06 14:37:00,SES558119,Email,,
EVT00001542,USR000458,otp_verify,mobile_sdk,Web-Desktop,kn,2025-10-06 15:40:00,SES997985,Email,,
EVT00001543,USR000458,kyc_pan,mobile_sdk,Web-Desktop,kn,2025-10-06 15:50:00,SES434687,Email,,
EVT00001544,USR000458,kyc_address,mobile_sdk,Web-Desktop,kn,2025-10-06 17:22:00,SES351993,Email,,
EVT00001545,USR000458,vkyc_invite,mobile_sdk,Web-Desktop,kn,2025-10-06 18:59:00,SES780613,Email,,
EVT00001546,USR000458,vkyc_session,mobile_sdk,Web-Desktop,kn,2025-10-06 19:02:00,SES222700,Email,,
EVT00001547,USR000458,vkyc_complete,mobile_sdk,Web-Desktop,kn,2025-10-06 21:15:00,SES173791,Email,,
EVT00001548,USR000458,bank_link,mobile_sdk,Web-Desktop,kn,2025-10-06 21:25:00,SES622147,Email,,
EVT00001549,USR000458,fd_amount_select,mobile_sdk,Web-Desktop,kn,2025-10-06 21:27:00,SES157318,Email,,USER_ABANDONED
EVT00001550M,USR000459,landing,mobile_sdk,Android,gu,2026-04-10 14:24:00,SES250628,Meta Ads,1178,
EVT00001551M,USR000459,rate_check,mobile_sdk,iOS,gu,2026-04-10 13:45:00,SES455172,Meta Ads,,
EVT00001552M,USR000463,landing,mobile_sdk,iOS,en,2026-01-23 18:26:00,SES820199,Direct,1659,
EVT00001553M,USR000463,rate_check,mobile_sdk,Android,en,2026-01-23 19:18:00,SES656130,Direct,,
EVT00001554,USR000464,landing,mobile_sdk,Web-Mobile,hi,2025-10-13 16:34:00,SES671710,Referral,1985,
EVT00001555,USR000464,rate_check,mobile_sdk,Web-Mobile,hi,2025-10-13 18:47:00,SES711326,Referral,,
EVT00001556,USR000464,register,mobile_sdk,Web-Mobile,hi,2025-10-13 21:16:00,SES692547,Referral,,
EVT00001557,USR000464,otp_verify,mobile_sdk,Web-Mobile,hi,2025-10-13 23:26:00,SES704279,Referral,,
EVT00001558,USR000464,kyc_pan,mobile_sdk,Web-Mobile,hi,2025-10-14 00:27:00,SES107806,Referral,,
EVT00001559,USR000464,kyc_address,mobile_sdk,Web-Mobile,hi,2025-10-14 01:15:00,SES679333,Referral,,
EVT00001560,USR000464,vkyc_invite,mobile_sdk,Web-Mobile,hi,2025-10-14 02:48:00,SES251527,Referral,,VALIDATION_FAIL
EVT00001561,USR000466,landing,mobile_sdk,Android,hi,2026-04-09 07:08:00,SES835779,Google Ads,3168,
EVT00001562,USR000466,rate_check,mobile_sdk,Android,hi,2026-04-09 09:24:00,SES694812,Google Ads,,
EVT00001563,USR000466,register,mobile_sdk,Android,hi,2026-04-09 10:32:00,SES743049,Google Ads,,
EVT00001564,USR000466,otp_verify,mobile_sdk,Android,hi,2026-04-09 10:50:00,SES674545,Google Ads,,
EVT00001565,USR000466,kyc_pan,mobile_sdk,Android,hi,2026-04-09 12:00:00,SES116202,Google Ads,,
EVT00001566,USR000466,kyc_address,mobile_sdk,Android,hi,2026-04-09 13:02:00,SES670019,Google Ads,,
EVT00001567,USR000466,vkyc_invite,mobile_sdk,Android,hi,2026-04-09 14:52:00,SES470366,Google Ads,,
EVT00001568,USR000466,vkyc_session,mobile_sdk,Android,hi,2026-04-09 16:50:00,SES172754,Google Ads,,
EVT00001569,USR000466,vkyc_complete,mobile_sdk,Android,hi,2026-04-09 17:38:00,SES623847,Google Ads,,
EVT00001570,USR000466,bank_link,mobile_sdk,Android,hi,2026-04-09 17:52:00,SES820720,Google Ads,,
EVT00001571,USR000466,fd_amount_select,mobile_sdk,Android,hi,2026-04-09 18:57:00,SES635138,Google Ads,,
EVT00001572,USR000466,fd_tenure_select,mobile_sdk,Android,hi,2026-04-09 21:13:00,SES594849,Google Ads,,USER_ABANDONED
EVT00001573,USR000467,landing,mobile_sdk,iOS,te,2025-10-28 00:40:00,SES335970,Influencer-IG,292,
EVT00001574,USR000467,rate_check,mobile_sdk,iOS,te,2025-10-28 00:53:00,SES974180,Influencer-IG,,
EVT00001575,USR000467,register,mobile_sdk,iOS,te,2025-10-28 00:55:00,SES712800,Influencer-IG,,
EVT00001576,USR000467,otp_verify,mobile_sdk,iOS,te,2025-10-28 02:15:00,SES385438,Influencer-IG,,
EVT00001577,USR000467,kyc_pan,mobile_sdk,iOS,te,2025-10-28 02:43:00,SES478233,Influencer-IG,,USER_ABANDONED
EVT00001578M,USR000469,landing,mobile_sdk,Android,ta,2026-04-18 09:01:00,SES919698,Organic search,1234,
EVT00001579M,USR000469,rate_check,mobile_sdk,Android,ta,2026-04-18 08:42:00,SES808393,Organic search,,
EVT00001580M,USR000469,register,mobile_sdk,Android,ta,2026-04-18 08:24:00,SES177877,Organic search,,
EVT00001581M,USR000469,otp_verify,mobile_sdk,Android,ta,2026-04-18 09:17:00,SES558075,Organic search,,
EVT00001582M,USR000469,kyc_pan,mobile_sdk,Android,ta,2026-04-18 09:29:00,SES608518,Organic search,,
EVT00001583M,USR000469,kyc_address,mobile_sdk,iOS,ta,2026-04-18 09:23:00,SES214365,Organic search,,
EVT00001584,USR000472,landing,mobile_sdk,iOS,en,2025-12-09 13:36:00,SES155717,Meta Ads,559,
EVT00001585,USR000472,rate_check,mobile_sdk,iOS,en,2025-12-09 14:46:00,SES331600,Meta Ads,,
EVT00001586,USR000472,register,mobile_sdk,iOS,en,2025-12-09 17:43:00,SES882589,Meta Ads,,
EVT00001587,USR000472,otp_verify,mobile_sdk,iOS,en,2025-12-09 19:09:00,SES576112,Meta Ads,,
EVT00001588,USR000472,kyc_pan,mobile_sdk,iOS,en,2025-12-09 21:33:00,SES766585,Meta Ads,,USER_ABANDONED
EVT00001589,USR000473,landing,mobile_sdk,Android,kn,2026-04-02 12:39:00,SES847030,Referral,3457,
EVT00001590,USR000473,rate_check,mobile_sdk,Android,kn,2026-04-02 13:07:00,SES937922,Referral,,RATE_NOT_COMPETITIVE
EVT00001591M,USR000474,landing,mobile_sdk,iOS,en,2025-07-03 16:11:00,SES789770,WhatsApp,1517,
EVT00001592M,USR000474,rate_check,mobile_sdk,Android,en,2025-07-03 16:58:00,SES103910,WhatsApp,,
EVT00001593M,USR000474,register,mobile_sdk,iOS,en,2025-07-03 16:52:00,SES535186,WhatsApp,,
EVT00001594M,USR000474,otp_verify,mobile_sdk,Android,en,2025-07-03 16:50:00,SES662381,WhatsApp,,
EVT00001595M,USR000474,kyc_pan,mobile_sdk,iOS,en,2025-07-03 16:37:00,SES428940,WhatsApp,,
EVT00001596M,USR000474,kyc_address,mobile_sdk,iOS,en,2025-07-03 16:30:00,SES764578,WhatsApp,,
EVT00001597,USR000478,landing,mobile_sdk,Web-Desktop,en,2025-06-08 10:11:00,SES128951,Google Ads,2029,
EVT00001598,USR000478,rate_check,mobile_sdk,Web-Desktop,en,2025-06-08 12:14:00,SES258840,Google Ads,,
EVT00001599,USR000478,register,mobile_sdk,Web-Desktop,en,2025-06-08 14:02:00,SES209423,Google Ads,,
EVT00001600,USR000478,otp_verify,mobile_sdk,Web-Desktop,en,2025-06-08 15:31:00,SES527112,Google Ads,,
EVT00001601,USR000478,kyc_pan,mobile_sdk,Web-Desktop,en,2025-06-08 17:36:00,SES718419,Google Ads,,
EVT00001602,USR000478,kyc_address,mobile_sdk,Web-Desktop,en,2025-06-08 17:51:00,SES503560,Google Ads,,
EVT00001603,USR000478,vkyc_invite,mobile_sdk,Web-Desktop,en,2025-06-08 18:54:00,SES876758,Google Ads,,
EVT00001604,USR000478,vkyc_session,mobile_sdk,Web-Desktop,en,2025-06-08 19:33:00,SES444774,Google Ads,,RATE_NOT_COMPETITIVE
EVT00001605,USR000481,landing,mobile_sdk,Web-Desktop,hi,2025-01-17 13:11:00,SES556529,Email,2937,
EVT00001606,USR000481,rate_check,mobile_sdk,Web-Desktop,hi,2025-01-17 16:07:00,SES413303,Email,,
EVT00001607,USR000481,register,mobile_sdk,Web-Desktop,hi,2025-01-17 17:37:00,SES597061,Email,,
EVT00001608,USR000481,otp_verify,mobile_sdk,Web-Desktop,hi,2025-01-17 19:39:00,SES546126,Email,,
EVT00001609,USR000481,kyc_pan,mobile_sdk,Web-Desktop,hi,2025-01-17 21:52:00,SES383250,Email,,USER_ABANDONED
EVT00001610M,USR000482,landing,mobile_sdk,Android,gu,2025-04-30 15:05:00,SES492522,Meta Ads,2093,
EVT00001611M,USR000482,rate_check,mobile_sdk,iOS,gu,2025-04-30 15:27:00,SES461567,Meta Ads,,
EVT00001612M,USR000483,landing,mobile_sdk,iOS,en,2026-02-24 16:07:00,SES858605,Email,1697,
EVT00001613M,USR000483,rate_check,mobile_sdk,Android,en,2026-02-24 16:48:00,SES122960,Email,,
EVT00001614M,USR000483,register,mobile_sdk,Android,en,2026-02-24 16:53:00,SES374429,Email,,
EVT00001615M,USR000483,otp_verify,mobile_sdk,Android,en,2026-02-24 16:20:00,SES744532,Email,,
EVT00001616,USR000485,landing,mobile_sdk,Android,te,2026-04-16 06:25:00,SES713561,Email,376,
EVT00001617,USR000485,rate_check,mobile_sdk,Android,te,2026-04-16 07:25:00,SES473962,Email,,DOC_REJECTED
EVT00001618,USR000487,landing,mobile_sdk,Android,mr,2025-11-17 04:25:00,SES590983,WhatsApp,957,
EVT00001619,USR000487,rate_check,mobile_sdk,Android,mr,2025-11-17 06:00:00,SES201239,WhatsApp,,VKYC_AGENT_BUSY
EVT00001620,USR000488,landing,mobile_sdk,Android,en,2025-12-11 08:16:00,SES252113,Direct,1903,
EVT00001621,USR000488,rate_check,mobile_sdk,Android,en,2025-12-11 09:54:00,SES963993,Direct,,
EVT00001622M,USR000489,landing,mobile_sdk,Android,hi,2025-10-05 16:41:00,SES477487,Direct,2014,
EVT00001623M,USR000489,rate_check,mobile_sdk,Android,hi,2025-10-05 16:53:00,SES777670,Direct,,
EVT00001624M,USR000489,register,mobile_sdk,Android,hi,2025-10-05 16:48:00,SES689606,Direct,,
EVT00001625M,USR000489,otp_verify,mobile_sdk,Android,hi,2025-10-05 15:54:00,SES772103,Direct,,
EVT00001626M,USR000489,kyc_pan,mobile_sdk,Android,hi,2025-10-05 16:37:00,SES725461,Direct,,
EVT00001627M,USR000489,kyc_address,mobile_sdk,Android,hi,2025-10-05 16:31:00,SES517489,Direct,,
EVT00001628M,USR000493,landing,mobile_sdk,iOS,hi,2026-01-07 20:52:00,SES959048,Direct,202,
EVT00001629,USR000495,landing,mobile_sdk,Android,ta,2025-02-10 17:58:00,SES243023,Influencer-IG,962,
EVT00001630,USR000495,rate_check,mobile_sdk,Android,ta,2025-02-10 19:29:00,SES371962,Influencer-IG,,USER_ABANDONED
EVT00001631,USR000498,landing,mobile_sdk,iOS,ta,2026-04-21 17:39:00,SES511844,Direct,2180,
EVT00001632,USR000498,rate_check,mobile_sdk,iOS,ta,2026-04-21 19:32:00,SES617726,Direct,,
EVT00001633,USR000498,register,mobile_sdk,iOS,ta,2026-04-21 19:41:00,SES902981,Direct,,
EVT00001634,USR000498,otp_verify,mobile_sdk,iOS,ta,2026-04-21 20:02:00,SES811976,Direct,,
EVT00001635,USR000498,kyc_pan,mobile_sdk,iOS,ta,2026-04-21 21:33:00,SES898549,Direct,,
EVT00001636,USR000498,kyc_address,mobile_sdk,iOS,ta,2026-04-21 22:27:00,SES287287,Direct,,
EVT00001637,USR000498,vkyc_invite,mobile_sdk,iOS,ta,2026-04-21 23:44:00,SES295247,Direct,,
EVT00001638,USR000498,vkyc_session,mobile_sdk,iOS,ta,2026-04-22 00:29:00,SES840570,Direct,,
EVT00001639,USR000498,vkyc_complete,mobile_sdk,iOS,ta,2026-04-22 01:18:00,SES454097,Direct,,
EVT00001640,USR000498,bank_link,mobile_sdk,iOS,ta,2026-04-22 02:27:00,SES534656,Direct,,
EVT00001641,USR000498,fd_amount_select,mobile_sdk,iOS,ta,2026-04-22 02:38:00,SES317708,Direct,,
EVT00001642,USR000498,fd_tenure_select,mobile_sdk,iOS,ta,2026-04-22 04:18:00,SES962399,Direct,,
EVT00001643,USR000498,fd_review,mobile_sdk,iOS,ta,2026-04-22 05:07:00,SES190758,Direct,,USER_ABANDONED
EVT00001644,USR000499,landing,mobile_sdk,Android,te,2026-03-04 08:22:00,SES695142,Referral,2043,
EVT00001645,USR000499,rate_check,mobile_sdk,Android,te,2026-03-04 09:14:00,SES837362,Referral,,
EVT00001646,USR000499,register,mobile_sdk,Android,te,2026-03-04 10:45:00,SES407529,Referral,,
EVT00001647,USR000499,otp_verify,mobile_sdk,Android,te,2026-03-04 11:21:00,SES576127,Referral,,
EVT00001648,USR000499,kyc_pan,mobile_sdk,Android,te,2026-03-04 13:45:00,SES865020,Referral,,
EVT00001649,USR000499,kyc_address,mobile_sdk,Android,te,2026-03-04 16:29:00,SES915996,Referral,,
EVT00001650,USR000499,vkyc_invite,mobile_sdk,Android,te,2026-03-04 18:07:00,SES106917,Referral,,
EVT00001651,USR000499,vkyc_session,mobile_sdk,Android,te,2026-03-04 19:03:00,SES445749,Referral,,
EVT00001652,USR000499,vkyc_complete,mobile_sdk,Android,te,2026-03-04 19:09:00,SES808738,Referral,,
EVT00001653,USR000499,bank_link,mobile_sdk,Android,te,2026-03-04 19:13:00,SES752774,Referral,,
EVT00001654,USR000499,fd_amount_select,mobile_sdk,Android,te,2026-03-04 21:51:00,SES660017,Referral,,
EVT00001655,USR000499,fd_tenure_select,mobile_sdk,Android,te,2026-03-05 00:27:00,SES182103,Referral,,
EVT00001656,USR000499,fd_review,mobile_sdk,Android,te,2026-03-05 02:03:00,SES113055,Referral,,
EVT00001657,USR000499,fd_book_success,mobile_sdk,Android,te,2026-03-05 04:27:00,SES557836,Referral,,
EVT00001658M,USR000500,landing,mobile_sdk,Android,te,2025-03-03 21:41:00,SES218571,Referral,2145,
EVT00001659M,USR000500,rate_check,mobile_sdk,Android,te,2025-03-03 22:11:00,SES515711,Referral,,
EVT00001660M,USR000500,register,mobile_sdk,Android,te,2025-03-03 22:27:00,SES314293,Referral,,
EVT00001661M,USR000500,otp_verify,mobile_sdk,Android,te,2025-03-03 22:30:00,SES629210,Referral,,
EVT00001662M,USR000500,kyc_pan,mobile_sdk,Android,te,2025-03-03 22:45:00,SES528239,Referral,,
EVT00001663M,USR000500,kyc_address,mobile_sdk,Android,te,2025-03-03 22:34:00,SES658933,Referral,,
EVT00001664M,USR000501,landing,mobile_sdk,Android,hi,2026-04-08 23:01:00,SES795220,Influencer-IG,305,
EVT00001665M,USR000501,rate_check,mobile_sdk,Android,hi,2026-04-08 23:32:00,SES793277,Influencer-IG,,
EVT00001666M,USR000501,register,mobile_sdk,Android,hi,2026-04-08 23:04:00,SES534477,Influencer-IG,,
EVT00001667M,USR000502,landing,mobile_sdk,iOS,hi,2026-02-09 11:39:00,SES105132,WhatsApp,2217,
EVT00001668,USR000504,landing,mobile_sdk,Android,hi,2026-01-17 14:15:00,SES102235,Meta Ads,1647,
EVT00001669,USR000504,rate_check,mobile_sdk,Android,hi,2026-01-17 16:38:00,SES465594,Meta Ads,,
EVT00001670M,USR000505,landing,mobile_sdk,Android,hi,2026-04-17 07:16:00,SES453811,Google Ads,880,
EVT00001671M,USR000505,rate_check,mobile_sdk,Android,hi,2026-04-17 07:20:00,SES285522,Google Ads,,
EVT00001672M,USR000507,landing,mobile_sdk,Android,en,2025-11-18 18:26:00,SES778607,Organic search,1085,
EVT00001673M,USR000507,rate_check,mobile_sdk,iOS,en,2025-11-18 18:38:00,SES677074,Organic search,,
EVT00001674M,USR000507,register,mobile_sdk,Android,en,2025-11-18 18:24:00,SES190614,Organic search,,
EVT00001675M,USR000507,otp_verify,mobile_sdk,Android,en,2025-11-18 17:41:00,SES439036,Organic search,,
EVT00001676M,USR000507,kyc_pan,mobile_sdk,Android,en,2025-11-18 18:06:00,SES309399,Organic search,,
EVT00001677M,USR000507,kyc_address,mobile_sdk,Android,en,2025-11-18 18:00:00,SES501393,Organic search,,
EVT00001678,USR000508,landing,mobile_sdk,Web-Desktop,hi,2025-05-13 11:54:00,SES900581,Direct,1209,
EVT00001679,USR000508,rate_check,mobile_sdk,Web-Desktop,hi,2025-05-13 12:12:00,SES300114,Direct,,
EVT00001680,USR000508,register,mobile_sdk,Web-Desktop,hi,2025-05-13 13:13:00,SES173346,Direct,,
EVT00001681,USR000508,otp_verify,mobile_sdk,Web-Desktop,hi,2025-05-13 14:45:00,SES195880,Direct,,
EVT00001682,USR000508,kyc_pan,mobile_sdk,Web-Desktop,hi,2025-05-13 16:54:00,SES337819,Direct,,
EVT00001683,USR000508,kyc_address,mobile_sdk,Web-Desktop,hi,2025-05-13 19:13:00,SES887020,Direct,,
EVT00001684,USR000508,vkyc_invite,mobile_sdk,Web-Desktop,hi,2025-05-13 20:31:00,SES265552,Direct,,VKYC_AGENT_BUSY
EVT00001685,USR000509,landing,mobile_sdk,Web-Desktop,hi,2026-04-21 01:23:00,SES485828,Referral,1419,
EVT00001686,USR000509,rate_check,mobile_sdk,Web-Desktop,hi,2026-04-21 01:28:00,SES721812,Referral,,
EVT00001687,USR000509,register,mobile_sdk,Web-Desktop,hi,2026-04-21 04:06:00,SES130779,Referral,,
EVT00001688,USR000509,otp_verify,mobile_sdk,Web-Desktop,hi,2026-04-21 06:51:00,SES784867,Referral,,
EVT00001689,USR000509,kyc_pan,mobile_sdk,Web-Desktop,hi,2026-04-21 09:49:00,SES696000,Referral,,
EVT00001690,USR000509,kyc_address,mobile_sdk,Web-Desktop,hi,2026-04-21 10:09:00,SES473065,Referral,,
EVT00001691,USR000509,vkyc_invite,mobile_sdk,Web-Desktop,hi,2026-04-21 12:53:00,SES459260,Referral,,
EVT00001692,USR000509,vkyc_session,mobile_sdk,Web-Desktop,hi,2026-04-21 14:31:00,SES553092,Referral,,
EVT00001693,USR000509,vkyc_complete,mobile_sdk,Web-Desktop,hi,2026-04-21 15:25:00,SES520415,Referral,,
EVT00001694,USR000509,bank_link,mobile_sdk,Web-Desktop,hi,2026-04-21 16:16:00,SES444667,Referral,,
EVT00001695,USR000509,fd_amount_select,mobile_sdk,Web-Desktop,hi,2026-04-21 17:34:00,SES440599,Referral,,
EVT00001696,USR000509,fd_tenure_select,mobile_sdk,Web-Desktop,hi,2026-04-21 19:46:00,SES891535,Referral,,
EVT00001697,USR000509,fd_review,mobile_sdk,Web-Desktop,hi,2026-04-21 20:41:00,SES245967,Referral,,
EVT00001698,USR000509,fd_book_success,mobile_sdk,Web-Desktop,hi,2026-04-21 23:37:00,SES326845,Referral,,
EVT00001699M,USR000510,landing,mobile_sdk,iOS,ta,2026-01-24 21:42:00,SES472544,Google Ads,1914,
EVT00001700M,USR000510,rate_check,mobile_sdk,Android,ta,2026-01-24 21:36:00,SES772456,Google Ads,,
EVT00001701M,USR000510,register,mobile_sdk,Android,ta,2026-01-24 20:48:00,SES736930,Google Ads,,
EVT00001702M,USR000510,otp_verify,mobile_sdk,Android,ta,2026-01-24 21:53:00,SES106832,Google Ads,,
EVT00001703M,USR000510,kyc_pan,mobile_sdk,Android,ta,2026-01-24 21:02:00,SES305813,Google Ads,,
EVT00001704M,USR000510,kyc_address,mobile_sdk,Android,ta,2026-01-24 21:48:00,SES394534,Google Ads,,
EVT00001705,USR000511,landing,mobile_sdk,Web-Mobile,hi,2026-04-20 10:58:00,SES627472,Meta Ads,1017,USER_ABANDONED
EVT00001706,USR000512,landing,mobile_sdk,Android,hi,2026-01-18 18:04:00,SES212251,Email,1817,
EVT00001707,USR000512,rate_check,mobile_sdk,Android,hi,2026-01-18 20:12:00,SES765210,Email,,USER_ABANDONED
EVT00001708M,USR000513,landing,mobile_sdk,Android,en,2026-05-08 06:39:00,SES316136,Referral,1023,
EVT00001709M,USR000514,landing,mobile_sdk,Android,en,2025-10-11 08:30:00,SES229166,Google Ads,1823,
EVT00001710M,USR000514,rate_check,mobile_sdk,Android,en,2025-10-11 07:58:00,SES711488,Google Ads,,
EVT00001711M,USR000514,register,mobile_sdk,Android,en,2025-10-11 09:00:00,SES130669,Google Ads,,
EVT00001712M,USR000514,otp_verify,mobile_sdk,iOS,en,2025-10-11 08:37:00,SES981515,Google Ads,,
EVT00001713M,USR000515,landing,mobile_sdk,iOS,ml,2025-11-19 14:57:00,SES501118,Meta Ads,406,
EVT00001714M,USR000515,rate_check,mobile_sdk,Android,ml,2025-11-19 14:32:00,SES750796,Meta Ads,,
EVT00001715M,USR000515,register,mobile_sdk,iOS,ml,2025-11-19 14:05:00,SES573742,Meta Ads,,
EVT00001716M,USR000515,otp_verify,mobile_sdk,iOS,ml,2025-11-19 13:50:00,SES629196,Meta Ads,,
EVT00001717M,USR000515,kyc_pan,mobile_sdk,Android,ml,2025-11-19 13:50:00,SES115657,Meta Ads,,
EVT00001718M,USR000516,landing,mobile_sdk,Android,bn,2025-03-07 06:34:00,SES971805,Email,689,
EVT00001719M,USR000516,rate_check,mobile_sdk,Android,bn,2025-03-07 06:41:00,SES480253,Email,,
EVT00001720M,USR000516,register,mobile_sdk,iOS,bn,2025-03-07 06:16:00,SES960687,Email,,
EVT00001721M,USR000517,landing,mobile_sdk,iOS,bn,2025-03-02 19:48:00,SES354303,Organic search,1642,
EVT00001722M,USR000517,rate_check,mobile_sdk,Android,bn,2025-03-02 20:02:00,SES704341,Organic search,,
EVT00001723M,USR000517,register,mobile_sdk,Android,bn,2025-03-02 21:09:00,SES210691,Organic search,,
EVT00001724M,USR000517,otp_verify,mobile_sdk,Android,bn,2025-03-02 20:13:00,SES750166,Organic search,,
EVT00001725M,USR000517,kyc_pan,mobile_sdk,iOS,bn,2025-03-02 20:43:00,SES355481,Organic search,,
EVT00001726M,USR000517,kyc_address,mobile_sdk,Android,bn,2025-03-02 21:07:00,SES264976,Organic search,,
EVT00001727,USR000518,landing,mobile_sdk,Android,ml,2026-05-06 02:53:00,SES659360,Organic search,820,
EVT00001728,USR000518,rate_check,mobile_sdk,Android,ml,2026-05-06 02:55:00,SES765652,Organic search,,
EVT00001729,USR000518,register,mobile_sdk,Android,ml,2026-05-06 04:11:00,SES291200,Organic search,,
EVT00001730,USR000518,otp_verify,mobile_sdk,Android,ml,2026-05-06 05:50:00,SES949144,Organic search,,
EVT00001731,USR000518,kyc_pan,mobile_sdk,Android,ml,2026-05-06 07:35:00,SES445017,Organic search,,
EVT00001732,USR000518,kyc_address,mobile_sdk,Android,ml,2026-05-06 08:41:00,SES819636,Organic search,,
EVT00001733,USR000518,vkyc_invite,mobile_sdk,Android,ml,2026-05-06 10:52:00,SES495106,Organic search,,
EVT00001734,USR000518,vkyc_session,mobile_sdk,Android,ml,2026-05-06 12:02:00,SES307569,Organic search,,TIMEOUT
EVT00001735M,USR000522,landing,mobile_sdk,iOS,en,2025-06-08 09:14:00,SES286391,Organic search,533,
EVT00001736M,USR000522,rate_check,mobile_sdk,iOS,en,2025-06-08 10:08:00,SES998677,Organic search,,
EVT00001737M,USR000522,register,mobile_sdk,Android,en,2025-06-08 09:45:00,SES979815,Organic search,,
EVT00001738,USR000523,landing,mobile_sdk,Web-Mobile,en,2026-04-25 19:21:00,SES226606,Direct,397,
EVT00001739,USR000523,rate_check,mobile_sdk,Web-Mobile,en,2026-04-25 21:00:00,SES147859,Direct,,DOC_REJECTED
EVT00001740M,USR000524,landing,mobile_sdk,Android,hi,2026-02-11 01:48:00,SES383831,Meta Ads,317,
EVT00001741M,USR000524,rate_check,mobile_sdk,Android,hi,2026-02-11 02:04:00,SES452947,Meta Ads,,
EVT00001742M,USR000524,register,mobile_sdk,Android,hi,2026-02-11 01:57:00,SES956633,Meta Ads,,
EVT00001743M,USR000524,otp_verify,mobile_sdk,Android,hi,2026-02-11 01:53:00,SES199699,Meta Ads,,
EVT00001744M,USR000524,kyc_pan,mobile_sdk,Android,hi,2026-02-11 03:01:00,SES654357,Meta Ads,,
EVT00001745M,USR000524,kyc_address,mobile_sdk,Android,hi,2026-02-11 02:58:00,SES591293,Meta Ads,,
EVT00001746M,USR000525,landing,mobile_sdk,Android,mr,2025-02-22 14:19:00,SES957792,Organic search,1166,
EVT00001747M,USR000525,rate_check,mobile_sdk,iOS,mr,2025-02-22 14:08:00,SES681698,Organic search,,
EVT00001748M,USR000526,landing,mobile_sdk,Android,en,2026-04-17 18:15:00,SES193626,Organic search,474,
EVT00001749,USR000528,landing,mobile_sdk,Android,bn,2025-03-30 08:37:00,SES991961,Email,1446,
EVT00001750,USR000528,rate_check,mobile_sdk,Android,bn,2025-03-30 10:36:00,SES279442,Email,,USER_ABANDONED
EVT00001751M,USR000529,landing,mobile_sdk,Android,mr,2025-07-20 15:42:00,SES940816,Influencer-IG,1718,
EVT00001752M,USR000529,rate_check,mobile_sdk,iOS,mr,2025-07-20 15:53:00,SES354577,Influencer-IG,,
EVT00001753M,USR000529,register,mobile_sdk,Android,mr,2025-07-20 15:03:00,SES672045,Influencer-IG,,
EVT00001754M,USR000529,otp_verify,mobile_sdk,Android,mr,2025-07-20 15:57:00,SES983220,Influencer-IG,,
EVT00001755M,USR000529,kyc_pan,mobile_sdk,iOS,mr,2025-07-20 15:18:00,SES887151,Influencer-IG,,
EVT00001756M,USR000529,kyc_address,mobile_sdk,Android,mr,2025-07-20 15:25:00,SES916853,Influencer-IG,,
EVT00001757,USR000530,landing,mobile_sdk,Web-Mobile,en,2025-12-26 10:23:00,SES967131,Email,3473,
EVT00001758,USR000530,rate_check,mobile_sdk,Web-Mobile,en,2025-12-26 12:10:00,SES433059,Email,,
EVT00001759,USR000530,register,mobile_sdk,Web-Mobile,en,2025-12-26 13:39:00,SES502756,Email,,
EVT00001760,USR000530,otp_verify,mobile_sdk,Web-Mobile,en,2025-12-26 16:37:00,SES391778,Email,,
EVT00001761,USR000530,kyc_pan,mobile_sdk,Web-Mobile,en,2025-12-26 18:27:00,SES430854,Email,,
EVT00001762,USR000530,kyc_address,mobile_sdk,Web-Mobile,en,2025-12-26 20:15:00,SES579776,Email,,
EVT00001763,USR000530,vkyc_invite,mobile_sdk,Web-Mobile,en,2025-12-26 22:13:00,SES910611,Email,,
EVT00001764,USR000530,vkyc_session,mobile_sdk,Web-Mobile,en,2025-12-26 22:42:00,SES187181,Email,,
EVT00001765,USR000530,vkyc_complete,mobile_sdk,Web-Mobile,en,2025-12-26 23:18:00,SES140874,Email,,
EVT00001766,USR000530,bank_link,mobile_sdk,Web-Mobile,en,2025-12-26 23:23:00,SES209645,Email,,
EVT00001767,USR000530,fd_amount_select,mobile_sdk,Web-Mobile,en,2025-12-27 02:12:00,SES118552,Email,,
EVT00001768,USR000530,fd_tenure_select,mobile_sdk,Web-Mobile,en,2025-12-27 04:53:00,SES652040,Email,,
EVT00001769,USR000530,fd_review,mobile_sdk,Web-Mobile,en,2025-12-27 05:43:00,SES902373,Email,,
EVT00001770,USR000530,fd_book_success,mobile_sdk,Web-Mobile,en,2025-12-27 07:32:00,SES614361,Email,,
EVT00001771M,USR000532,landing,mobile_sdk,Android,en,2025-04-28 10:08:00,SES628461,WhatsApp,1885,
EVT00001772M,USR000532,rate_check,mobile_sdk,Android,en,2025-04-28 10:27:00,SES641622,WhatsApp,,
EVT00001773M,USR000532,register,mobile_sdk,iOS,en,2025-04-28 09:26:00,SES958914,WhatsApp,,
EVT00001774M,USR000532,otp_verify,mobile_sdk,iOS,en,2025-04-28 09:37:00,SES268874,WhatsApp,,
EVT00001775M,USR000532,kyc_pan,mobile_sdk,iOS,en,2025-04-28 10:27:00,SES666426,WhatsApp,,
EVT00001776M,USR000532,kyc_address,mobile_sdk,iOS,en,2025-04-28 09:18:00,SES229890,WhatsApp,,
EVT00001777,USR000534,landing,mobile_sdk,Android,hi,2025-02-01 06:29:00,SES681062,Referral,1446,
EVT00001778,USR000534,rate_check,mobile_sdk,Android,hi,2025-02-01 09:18:00,SES694802,Referral,,
EVT00001779,USR000534,register,mobile_sdk,Android,hi,2025-02-01 09:23:00,SES211186,Referral,,
EVT00001780,USR000534,otp_verify,mobile_sdk,Android,hi,2025-02-01 09:34:00,SES455618,Referral,,
EVT00001781,USR000534,kyc_pan,mobile_sdk,Android,hi,2025-02-01 09:35:00,SES255247,Referral,,
EVT00001782,USR000534,kyc_address,mobile_sdk,Android,hi,2025-02-01 11:31:00,SES674900,Referral,,
EVT00001783,USR000534,vkyc_invite,mobile_sdk,Android,hi,2025-02-01 14:24:00,SES875247,Referral,,
EVT00001784,USR000534,vkyc_session,mobile_sdk,Android,hi,2025-02-01 16:58:00,SES148698,Referral,,
EVT00001785,USR000534,vkyc_complete,mobile_sdk,Android,hi,2025-02-01 19:35:00,SES159041,Referral,,
EVT00001786,USR000534,bank_link,mobile_sdk,Android,hi,2025-02-01 21:34:00,SES871177,Referral,,
EVT00001787,USR000534,fd_amount_select,mobile_sdk,Android,hi,2025-02-01 21:36:00,SES384409,Referral,,
EVT00001788,USR000534,fd_tenure_select,mobile_sdk,Android,hi,2025-02-01 23:18:00,SES734005,Referral,,
EVT00001789,USR000534,fd_review,mobile_sdk,Android,hi,2025-02-02 01:51:00,SES899749,Referral,,
EVT00001790,USR000534,fd_book_success,mobile_sdk,Android,hi,2025-02-02 02:20:00,SES641418,Referral,,
EVT00001791M,USR000535,landing,mobile_sdk,Android,hi,2025-06-03 08:37:00,SES972855,Meta Ads,791,
EVT00001792M,USR000535,rate_check,mobile_sdk,Android,hi,2025-06-03 09:20:00,SES140026,Meta Ads,,
EVT00001793M,USR000535,register,mobile_sdk,Android,hi,2025-06-03 09:20:00,SES454384,Meta Ads,,
EVT00001794,USR000536,landing,mobile_sdk,Web-Desktop,en,2025-01-21 21:08:00,SES409636,WhatsApp,2368,
EVT00001795,USR000536,rate_check,mobile_sdk,Web-Desktop,en,2025-01-21 23:26:00,SES658744,WhatsApp,,
EVT00001796,USR000536,register,mobile_sdk,Web-Desktop,en,2025-01-22 01:05:00,SES563369,WhatsApp,,
EVT00001797,USR000536,otp_verify,mobile_sdk,Web-Desktop,en,2025-01-22 03:37:00,SES850389,WhatsApp,,
EVT00001798,USR000536,kyc_pan,mobile_sdk,Web-Desktop,en,2025-01-22 03:44:00,SES206349,WhatsApp,,
EVT00001799,USR000536,kyc_address,mobile_sdk,Web-Desktop,en,2025-01-22 06:11:00,SES218381,WhatsApp,,
EVT00001800,USR000536,vkyc_invite,mobile_sdk,Web-Desktop,en,2025-01-22 07:03:00,SES651087,WhatsApp,,
EVT00001801,USR000536,vkyc_session,mobile_sdk,Web-Desktop,en,2025-01-22 08:56:00,SES391902,WhatsApp,,
EVT00001802,USR000536,vkyc_complete,mobile_sdk,Web-Desktop,en,2025-01-22 09:17:00,SES413320,WhatsApp,,
EVT00001803,USR000536,bank_link,mobile_sdk,Web-Desktop,en,2025-01-22 09:23:00,SES206149,WhatsApp,,
EVT00001804,USR000536,fd_amount_select,mobile_sdk,Web-Desktop,en,2025-01-22 12:03:00,SES955172,WhatsApp,,
EVT00001805,USR000536,fd_tenure_select,mobile_sdk,Web-Desktop,en,2025-01-22 14:21:00,SES424698,WhatsApp,,
EVT00001806,USR000536,fd_review,mobile_sdk,Web-Desktop,en,2025-01-22 15:06:00,SES672342,WhatsApp,,
EVT00001807,USR000536,fd_book_success,mobile_sdk,Web-Desktop,en,2025-01-22 15:26:00,SES425752,WhatsApp,,
EVT00001808,USR000537,landing,mobile_sdk,iOS,en,2025-04-26 23:20:00,SES597817,Influencer-YT,2362,
EVT00001809,USR000537,rate_check,mobile_sdk,iOS,en,2025-04-27 00:11:00,SES934057,Influencer-YT,,
EVT00001810,USR000537,register,mobile_sdk,iOS,en,2025-04-27 02:04:00,SES889137,Influencer-YT,,
EVT00001811,USR000537,otp_verify,mobile_sdk,iOS,en,2025-04-27 03:50:00,SES795413,Influencer-YT,,
EVT00001812,USR000537,kyc_pan,mobile_sdk,iOS,en,2025-04-27 04:49:00,SES343900,Influencer-YT,,USER_ABANDONED
EVT00001813M,USR000538,landing,mobile_sdk,iOS,en,2025-09-11 12:37:00,SES700725,Organic search,431,
EVT00001814M,USR000538,rate_check,mobile_sdk,Android,en,2025-09-11 12:38:00,SES763936,Organic search,,
EVT00001815M,USR000538,register,mobile_sdk,iOS,en,2025-09-11 12:29:00,SES963898,Organic search,,
EVT00001816M,USR000538,otp_verify,mobile_sdk,Android,en,2025-09-11 12:00:00,SES539743,Organic search,,
EVT00001817M,USR000540,landing,mobile_sdk,Android,hi,2025-06-22 02:03:00,SES249412,Organic search,2277,
EVT00001818,USR000541,landing,mobile_sdk,iOS,hi,2025-07-25 20:36:00,SES124437,Email,278,
EVT00001819,USR000541,rate_check,mobile_sdk,iOS,hi,2025-07-25 21:42:00,SES412282,Email,,VALIDATION_FAIL
EVT00001820,USR000542,landing,mobile_sdk,iOS,hi,2025-05-11 02:55:00,SES349811,Referral,349,
EVT00001821,USR000542,rate_check,mobile_sdk,iOS,hi,2025-05-11 04:31:00,SES862387,Referral,,
EVT00001822,USR000542,register,mobile_sdk,iOS,hi,2025-05-11 05:12:00,SES621009,Referral,,
EVT00001823,USR000542,otp_verify,mobile_sdk,iOS,hi,2025-05-11 05:52:00,SES940900,Referral,,
EVT00001824,USR000542,kyc_pan,mobile_sdk,iOS,hi,2025-05-11 06:40:00,SES122798,Referral,,
EVT00001825,USR000542,kyc_address,mobile_sdk,iOS,hi,2025-05-11 08:36:00,SES434827,Referral,,
EVT00001826,USR000542,vkyc_invite,mobile_sdk,iOS,hi,2025-05-11 09:22:00,SES962325,Referral,,
EVT00001827,USR000542,vkyc_session,mobile_sdk,iOS,hi,2025-05-11 10:17:00,SES691869,Referral,,
EVT00001828,USR000542,vkyc_complete,mobile_sdk,iOS,hi,2025-05-11 11:40:00,SES303302,Referral,,
EVT00001829,USR000542,bank_link,mobile_sdk,iOS,hi,2025-05-11 12:11:00,SES880438,Referral,,
EVT00001830,USR000542,fd_amount_select,mobile_sdk,iOS,hi,2025-05-11 14:14:00,SES843296,Referral,,
EVT00001831,USR000542,fd_tenure_select,mobile_sdk,iOS,hi,2025-05-11 14:22:00,SES797345,Referral,,
EVT00001832,USR000542,fd_review,mobile_sdk,iOS,hi,2025-05-11 14:24:00,SES804404,Referral,,
EVT00001833,USR000542,fd_book_success,mobile_sdk,iOS,hi,2025-05-11 15:04:00,SES867382,Referral,,
EVT00001834M,USR000543,landing,mobile_sdk,Android,te,2026-01-15 23:05:00,SES913410,Email,855,
EVT00001835M,USR000543,rate_check,mobile_sdk,Android,te,2026-01-15 23:24:00,SES378254,Email,,
EVT00001836M,USR000543,register,mobile_sdk,Android,te,2026-01-15 23:54:00,SES784209,Email,,
EVT00001837M,USR000543,otp_verify,mobile_sdk,iOS,te,2026-01-15 23:38:00,SES195631,Email,,
EVT00001838M,USR000543,kyc_pan,mobile_sdk,Android,te,2026-01-15 22:45:00,SES646697,Email,,
EVT00001839M,USR000543,kyc_address,mobile_sdk,Android,te,2026-01-15 22:53:00,SES190684,Email,,
EVT00001840,USR000544,landing,mobile_sdk,Android,hi,2026-01-27 20:41:00,SES352215,Direct,1243,
EVT00001841,USR000544,rate_check,mobile_sdk,Android,hi,2026-01-27 20:59:00,SES387037,Direct,,TIMEOUT
EVT00001842M,USR000545,landing,mobile_sdk,Android,hi,2025-10-06 12:57:00,SES657078,Referral,1777,
EVT00001843M,USR000545,rate_check,mobile_sdk,Android,hi,2025-10-06 12:19:00,SES190064,Referral,,
EVT00001844,USR000546,landing,mobile_sdk,Android,en,2026-03-21 11:54:00,SES344781,Google Ads,3097,
EVT00001845,USR000546,rate_check,mobile_sdk,Android,en,2026-03-21 14:35:00,SES745666,Google Ads,,
EVT00001846,USR000546,register,mobile_sdk,Android,en,2026-03-21 16:39:00,SES753814,Google Ads,,USER_ABANDONED
EVT00001847M,USR000547,landing,mobile_sdk,iOS,en,2025-06-26 11:11:00,SES921385,WhatsApp,539,
EVT00001848M,USR000547,rate_check,mobile_sdk,Android,en,2025-06-26 11:03:00,SES743912,WhatsApp,,
EVT00001849M,USR000547,register,mobile_sdk,Android,en,2025-06-26 10:23:00,SES954413,WhatsApp,,
EVT00001850M,USR000547,otp_verify,mobile_sdk,Android,en,2025-06-26 11:06:00,SES272972,WhatsApp,,
EVT00001851,USR000548,landing,mobile_sdk,Android,en,2025-08-28 09:35:00,SES375736,Organic search,1760,
EVT00001852,USR000548,rate_check,mobile_sdk,Android,en,2025-08-28 11:11:00,SES451113,Organic search,,VKYC_AGENT_BUSY
EVT00001853M,USR000549,landing,mobile_sdk,Android,en,2025-07-24 01:27:00,SES955877,Influencer-YT,856,
EVT00001854,USR000550,landing,mobile_sdk,Web-Mobile,en,2025-07-06 15:22:00,SES324723,Influencer-IG,2852,
EVT00001855,USR000550,rate_check,mobile_sdk,Web-Mobile,en,2025-07-06 15:35:00,SES162771,Influencer-IG,,VKYC_AGENT_BUSY
EVT00001856,USR000551,landing,mobile_sdk,Android,hi,2025-06-20 18:14:00,SES133423,Influencer-YT,3128,
EVT00001857,USR000551,rate_check,mobile_sdk,Android,hi,2025-06-20 20:31:00,SES366354,Influencer-YT,,
EVT00001858,USR000551,register,mobile_sdk,Android,hi,2025-06-20 23:27:00,SES430348,Influencer-YT,,
EVT00001859,USR000551,otp_verify,mobile_sdk,Android,hi,2025-06-21 00:53:00,SES477392,Influencer-YT,,
EVT00001860,USR000551,kyc_pan,mobile_sdk,Android,hi,2025-06-21 02:58:00,SES358578,Influencer-YT,,
EVT00001861,USR000551,kyc_address,mobile_sdk,Android,hi,2025-06-21 05:44:00,SES327117,Influencer-YT,,
EVT00001862,USR000551,vkyc_invite,mobile_sdk,Android,hi,2025-06-21 06:31:00,SES340007,Influencer-YT,,
EVT00001863,USR000551,vkyc_session,mobile_sdk,Android,hi,2025-06-21 06:49:00,SES297378,Influencer-YT,,VKYC_AGENT_BUSY
EVT00001864M,USR000552,landing,mobile_sdk,iOS,en,2026-04-29 20:25:00,SES635271,Organic search,1237,
EVT00001865M,USR000552,rate_check,mobile_sdk,Android,en,2026-04-29 20:21:00,SES212227,Organic search,,
EVT00001866M,USR000552,register,mobile_sdk,Android,en,2026-04-29 19:51:00,SES755495,Organic search,,
EVT00001867,USR000553,landing,mobile_sdk,iOS,te,2025-05-04 04:37:00,SES650734,Google Ads,1313,
EVT00001868,USR000553,rate_check,mobile_sdk,iOS,te,2025-05-04 06:56:00,SES744330,Google Ads,,
EVT00001869,USR000553,register,mobile_sdk,iOS,te,2025-05-04 09:31:00,SES164261,Google Ads,,
EVT00001870,USR000553,otp_verify,mobile_sdk,iOS,te,2025-05-04 09:39:00,SES701535,Google Ads,,
EVT00001871,USR000553,kyc_pan,mobile_sdk,iOS,te,2025-05-04 11:54:00,SES308075,Google Ads,,
EVT00001872,USR000553,kyc_address,mobile_sdk,iOS,te,2025-05-04 13:41:00,SES254187,Google Ads,,
EVT00001873,USR000553,vkyc_invite,mobile_sdk,iOS,te,2025-05-04 15:30:00,SES405151,Google Ads,,
EVT00001874,USR000553,vkyc_session,mobile_sdk,iOS,te,2025-05-04 16:55:00,SES626423,Google Ads,,
EVT00001875,USR000553,vkyc_complete,mobile_sdk,iOS,te,2025-05-04 19:20:00,SES718926,Google Ads,,
EVT00001876,USR000553,bank_link,mobile_sdk,iOS,te,2025-05-04 20:06:00,SES380589,Google Ads,,
EVT00001877,USR000553,fd_amount_select,mobile_sdk,iOS,te,2025-05-04 21:23:00,SES507728,Google Ads,,
EVT00001878,USR000553,fd_tenure_select,mobile_sdk,iOS,te,2025-05-04 22:26:00,SES186095,Google Ads,,
EVT00001879,USR000553,fd_review,mobile_sdk,iOS,te,2025-05-05 00:42:00,SES817561,Google Ads,,
EVT00001880,USR000553,fd_book_success,mobile_sdk,iOS,te,2025-05-05 01:18:00,SES820719,Google Ads,,
EVT00001881M,USR000554,landing,mobile_sdk,Android,en,2025-05-20 02:36:00,SES250196,Direct,686,
EVT00001882M,USR000556,landing,mobile_sdk,iOS,ta,2025-11-02 14:57:00,SES573980,Influencer-YT,2160,
EVT00001883M,USR000556,rate_check,mobile_sdk,Android,ta,2025-11-02 13:58:00,SES887379,Influencer-YT,,
EVT00001884M,USR000558,landing,mobile_sdk,iOS,mr,2025-10-27 14:57:00,SES905684,Google Ads,1471,
EVT00001885M,USR000558,rate_check,mobile_sdk,Android,mr,2025-10-27 16:05:00,SES161335,Google Ads,,
EVT00001886M,USR000558,register,mobile_sdk,iOS,mr,2025-10-27 16:00:00,SES865984,Google Ads,,
EVT00001887M,USR000558,otp_verify,mobile_sdk,iOS,mr,2025-10-27 16:04:00,SES295516,Google Ads,,
EVT00001888M,USR000558,kyc_pan,mobile_sdk,Android,mr,2025-10-27 15:19:00,SES847506,Google Ads,,
EVT00001889M,USR000558,kyc_address,mobile_sdk,iOS,mr,2025-10-27 15:19:00,SES591673,Google Ads,,
EVT00001890M,USR000559,landing,mobile_sdk,Android,en,2025-08-29 06:31:00,SES941878,Direct,2059,
EVT00001891M,USR000559,rate_check,mobile_sdk,Android,en,2025-08-29 05:27:00,SES174391,Direct,,
EVT00001892M,USR000559,register,mobile_sdk,Android,en,2025-08-29 05:53:00,SES215808,Direct,,
EVT00001893M,USR000559,otp_verify,mobile_sdk,Android,en,2025-08-29 05:26:00,SES919195,Direct,,
EVT00001894M,USR000559,kyc_pan,mobile_sdk,iOS,en,2025-08-29 05:24:00,SES641373,Direct,,
EVT00001895M,USR000559,kyc_address,mobile_sdk,Android,en,2025-08-29 06:14:00,SES361533,Direct,,
EVT00001896,USR000560,landing,mobile_sdk,Web-Desktop,hi,2026-03-23 17:26:00,SES617613,Influencer-YT,351,
EVT00001897,USR000560,rate_check,mobile_sdk,Web-Desktop,hi,2026-03-23 20:06:00,SES964369,Influencer-YT,,
EVT00001898,USR000560,register,mobile_sdk,Web-Desktop,hi,2026-03-23 22:45:00,SES102769,Influencer-YT,,
EVT00001899,USR000560,otp_verify,mobile_sdk,Web-Desktop,hi,2026-03-24 01:40:00,SES761343,Influencer-YT,,
EVT00001900,USR000560,kyc_pan,mobile_sdk,Web-Desktop,hi,2026-03-24 03:24:00,SES795236,Influencer-YT,,
EVT00001901,USR000560,kyc_address,mobile_sdk,Web-Desktop,hi,2026-03-24 04:33:00,SES331346,Influencer-YT,,
EVT00001902,USR000560,vkyc_invite,mobile_sdk,Web-Desktop,hi,2026-03-24 05:35:00,SES462274,Influencer-YT,,
EVT00001903,USR000560,vkyc_session,mobile_sdk,Web-Desktop,hi,2026-03-24 06:24:00,SES709380,Influencer-YT,,
EVT00001904,USR000560,vkyc_complete,mobile_sdk,Web-Desktop,hi,2026-03-24 06:31:00,SES280525,Influencer-YT,,USER_ABANDONED
EVT00001905M,USR000562,landing,mobile_sdk,iOS,kn,2025-09-04 22:15:00,SES306416,Google Ads,616,
EVT00001906M,USR000562,rate_check,mobile_sdk,iOS,kn,2025-09-04 21:46:00,SES465308,Google Ads,,
EVT00001907M,USR000563,landing,mobile_sdk,iOS,en,2026-05-08 10:15:00,SES975980,Organic search,175,
EVT00001908M,USR000563,rate_check,mobile_sdk,Android,en,2026-05-08 10:29:00,SES565147,Organic search,,
EVT00001909M,USR000563,register,mobile_sdk,Android,en,2026-05-08 11:12:00,SES612862,Organic search,,
EVT00001910M,USR000563,otp_verify,mobile_sdk,iOS,en,2026-05-08 10:17:00,SES351921,Organic search,,
EVT00001911M,USR000563,kyc_pan,mobile_sdk,Android,en,2026-05-08 10:37:00,SES289208,Organic search,,
EVT00001912M,USR000564,landing,mobile_sdk,iOS,mr,2025-05-11 17:06:00,SES632888,Direct,2487,
EVT00001913,USR000568,landing,mobile_sdk,Android,hi,2025-01-22 04:18:00,SES149517,Organic search,1909,
EVT00001914,USR000568,rate_check,mobile_sdk,Android,hi,2025-01-22 06:01:00,SES146370,Organic search,,
EVT00001915,USR000568,register,mobile_sdk,Android,hi,2025-01-22 08:26:00,SES610017,Organic search,,USER_ABANDONED
EVT00001916,USR000569,landing,mobile_sdk,Android,en,2026-01-03 05:21:00,SES757480,Organic search,335,
EVT00001917,USR000569,rate_check,mobile_sdk,Android,en,2026-01-03 07:01:00,SES273044,Organic search,,
EVT00001918,USR000569,register,mobile_sdk,Android,en,2026-01-03 09:05:00,SES590605,Organic search,,
EVT00001919,USR000569,otp_verify,mobile_sdk,Android,en,2026-01-03 11:39:00,SES734886,Organic search,,
EVT00001920,USR000569,kyc_pan,mobile_sdk,Android,en,2026-01-03 11:40:00,SES555370,Organic search,,
EVT00001921,USR000569,kyc_address,mobile_sdk,Android,en,2026-01-03 12:57:00,SES221455,Organic search,,
EVT00001922,USR000569,vkyc_invite,mobile_sdk,Android,en,2026-01-03 15:35:00,SES960624,Organic search,,
EVT00001923,USR000569,vkyc_session,mobile_sdk,Android,en,2026-01-03 18:12:00,SES476878,Organic search,,
EVT00001924,USR000569,vkyc_complete,mobile_sdk,Android,en,2026-01-03 18:38:00,SES189069,Organic search,,
EVT00001925,USR000569,bank_link,mobile_sdk,Android,en,2026-01-03 21:01:00,SES295948,Organic search,,
EVT00001926,USR000569,fd_amount_select,mobile_sdk,Android,en,2026-01-03 21:35:00,SES191177,Organic search,,
EVT00001927,USR000569,fd_tenure_select,mobile_sdk,Android,en,2026-01-03 23:39:00,SES428426,Organic search,,
EVT00001928,USR000569,fd_review,mobile_sdk,Android,en,2026-01-04 00:57:00,SES330030,Organic search,,
EVT00001929,USR000569,fd_book_success,mobile_sdk,Android,en,2026-01-04 01:58:00,SES123447,Organic search,,
EVT00001930,USR000570,landing,mobile_sdk,iOS,mr,2025-12-19 04:51:00,SES824638,Meta Ads,1725,
EVT00001931,USR000570,rate_check,mobile_sdk,iOS,mr,2025-12-19 05:59:00,SES706342,Meta Ads,,
EVT00001932,USR000570,register,mobile_sdk,iOS,mr,2025-12-19 06:34:00,SES625961,Meta Ads,,
EVT00001933,USR000570,otp_verify,mobile_sdk,iOS,mr,2025-12-19 08:19:00,SES706984,Meta Ads,,
EVT00001934,USR000570,kyc_pan,mobile_sdk,iOS,mr,2025-12-19 11:15:00,SES523927,Meta Ads,,
EVT00001935,USR000570,kyc_address,mobile_sdk,iOS,mr,2025-12-19 13:17:00,SES435297,Meta Ads,,
EVT00001936,USR000570,vkyc_invite,mobile_sdk,iOS,mr,2025-12-19 15:37:00,SES552960,Meta Ads,,
EVT00001937,USR000570,vkyc_session,mobile_sdk,iOS,mr,2025-12-19 16:59:00,SES791622,Meta Ads,,
EVT00001938,USR000570,vkyc_complete,mobile_sdk,iOS,mr,2025-12-19 19:31:00,SES500605,Meta Ads,,
EVT00001939,USR000570,bank_link,mobile_sdk,iOS,mr,2025-12-19 22:22:00,SES817307,Meta Ads,,
EVT00001940,USR000570,fd_amount_select,mobile_sdk,iOS,mr,2025-12-19 22:30:00,SES536257,Meta Ads,,
EVT00001941,USR000570,fd_tenure_select,mobile_sdk,iOS,mr,2025-12-20 00:56:00,SES896962,Meta Ads,,
EVT00001942,USR000570,fd_review,mobile_sdk,iOS,mr,2025-12-20 01:36:00,SES454766,Meta Ads,,
EVT00001943,USR000570,fd_book_success,mobile_sdk,iOS,mr,2025-12-20 03:52:00,SES911386,Meta Ads,,
EVT00001944,USR000573,landing,mobile_sdk,Web-Mobile,en,2025-06-15 05:52:00,SES169257,Email,2220,
EVT00001945,USR000573,rate_check,mobile_sdk,Web-Mobile,en,2025-06-15 07:49:00,SES893622,Email,,
EVT00001946,USR000573,register,mobile_sdk,Web-Mobile,en,2025-06-15 08:17:00,SES596736,Email,,
EVT00001947,USR000573,otp_verify,mobile_sdk,Web-Mobile,en,2025-06-15 08:34:00,SES626354,Email,,
EVT00001948,USR000573,kyc_pan,mobile_sdk,Web-Mobile,en,2025-06-15 10:50:00,SES106045,Email,,USER_ABANDONED
EVT00001949M,USR000575,landing,mobile_sdk,Android,bn,2025-01-21 02:49:00,SES540932,Email,1303,
EVT00001950M,USR000575,rate_check,mobile_sdk,Android,bn,2025-01-21 01:36:00,SES877675,Email,,
EVT00001951M,USR000575,register,mobile_sdk,Android,bn,2025-01-21 02:06:00,SES701263,Email,,
EVT00001952M,USR000575,otp_verify,mobile_sdk,iOS,bn,2025-01-21 02:14:00,SES766123,Email,,
EVT00001953M,USR000575,kyc_pan,mobile_sdk,Android,bn,2025-01-21 01:52:00,SES516466,Email,,
EVT00001954M,USR000575,kyc_address,mobile_sdk,iOS,bn,2025-01-21 02:46:00,SES424606,Email,,
EVT00001955M,USR000577,landing,mobile_sdk,Android,bn,2025-08-15 09:00:00,SES954550,Direct,1805,
EVT00001956M,USR000577,rate_check,mobile_sdk,Android,bn,2025-08-15 08:44:00,SES360242,Direct,,
EVT00001957M,USR000577,register,mobile_sdk,iOS,bn,2025-08-15 08:50:00,SES334856,Direct,,
EVT00001958M,USR000577,otp_verify,mobile_sdk,Android,bn,2025-08-15 08:55:00,SES396251,Direct,,
EVT00001959M,USR000577,kyc_pan,mobile_sdk,iOS,bn,2025-08-15 09:45:00,SES555085,Direct,,
EVT00001960M,USR000577,kyc_address,mobile_sdk,Android,bn,2025-08-15 09:24:00,SES454241,Direct,,
EVT00001961,USR000578,landing,mobile_sdk,iOS,bn,2025-12-24 09:46:00,SES958860,WhatsApp,2410,
EVT00001962,USR000578,rate_check,mobile_sdk,iOS,bn,2025-12-24 11:21:00,SES374221,WhatsApp,,
EVT00001963,USR000578,register,mobile_sdk,iOS,bn,2025-12-24 11:22:00,SES880014,WhatsApp,,
EVT00001964,USR000578,otp_verify,mobile_sdk,iOS,bn,2025-12-24 12:55:00,SES262959,WhatsApp,,
EVT00001965,USR000578,kyc_pan,mobile_sdk,iOS,bn,2025-12-24 14:53:00,SES320316,WhatsApp,,
EVT00001966,USR000578,kyc_address,mobile_sdk,iOS,bn,2025-12-24 15:57:00,SES328437,WhatsApp,,USER_ABANDONED
EVT00001967,USR000579,landing,mobile_sdk,Android,ta,2025-01-04 18:53:00,SES813492,Email,2475,
EVT00001968,USR000579,rate_check,mobile_sdk,Android,ta,2025-01-04 21:34:00,SES632590,Email,,
EVT00001969,USR000579,register,mobile_sdk,Android,ta,2025-01-04 21:38:00,SES272373,Email,,
EVT00001970,USR000579,otp_verify,mobile_sdk,Android,ta,2025-01-05 00:32:00,SES264024,Email,,
EVT00001971,USR000579,kyc_pan,mobile_sdk,Android,ta,2025-01-05 02:01:00,SES449876,Email,,
EVT00001972,USR000579,kyc_address,mobile_sdk,Android,ta,2025-01-05 04:09:00,SES517701,Email,,
EVT00001973,USR000579,vkyc_invite,mobile_sdk,Android,ta,2025-01-05 05:05:00,SES157839,Email,,
EVT00001974,USR000579,vkyc_session,mobile_sdk,Android,ta,2025-01-05 07:23:00,SES325745,Email,,
EVT00001975,USR000579,vkyc_complete,mobile_sdk,Android,ta,2025-01-05 10:19:00,SES133431,Email,,
EVT00001976,USR000579,bank_link,mobile_sdk,Android,ta,2025-01-05 12:49:00,SES860861,Email,,USER_ABANDONED
EVT00001977M,USR000580,landing,mobile_sdk,Android,en,2026-02-07 15:46:00,SES654100,WhatsApp,1415,
EVT00001978M,USR000580,rate_check,mobile_sdk,Android,en,2026-02-07 16:14:00,SES311854,WhatsApp,,
EVT00001979M,USR000580,register,mobile_sdk,iOS,en,2026-02-07 15:32:00,SES362785,WhatsApp,,
EVT00001980M,USR000582,landing,mobile_sdk,Android,en,2025-12-15 01:17:00,SES994476,Influencer-YT,1750,
EVT00001981M,USR000582,rate_check,mobile_sdk,Android,en,2025-12-15 01:12:00,SES749799,Influencer-YT,,
EVT00001982,USR000583,landing,mobile_sdk,Web-Mobile,en,2025-12-18 16:59:00,SES216601,Influencer-IG,209,
EVT00001983,USR000583,rate_check,mobile_sdk,Web-Mobile,en,2025-12-18 18:25:00,SES850583,Influencer-IG,,
EVT00001984,USR000583,register,mobile_sdk,Web-Mobile,en,2025-12-18 20:59:00,SES266406,Influencer-IG,,
EVT00001985,USR000583,otp_verify,mobile_sdk,Web-Mobile,en,2025-12-18 21:11:00,SES599464,Influencer-IG,,
EVT00001986,USR000583,kyc_pan,mobile_sdk,Web-Mobile,en,2025-12-18 23:24:00,SES737787,Influencer-IG,,
EVT00001987,USR000583,kyc_address,mobile_sdk,Web-Mobile,en,2025-12-19 02:16:00,SES123437,Influencer-IG,,
EVT00001988,USR000583,vkyc_invite,mobile_sdk,Web-Mobile,en,2025-12-19 02:37:00,SES354063,Influencer-IG,,RATE_NOT_COMPETITIVE
EVT00001989M,USR000584,landing,mobile_sdk,Android,hi,2026-02-15 03:41:00,SES409711,Email,488,
EVT00001990M,USR000584,rate_check,mobile_sdk,iOS,hi,2026-02-15 04:31:00,SES369235,Email,,
EVT00001991M,USR000584,register,mobile_sdk,Android,hi,2026-02-15 04:05:00,SES462231,Email,,
EVT00001992M,USR000584,otp_verify,mobile_sdk,Android,hi,2026-02-15 04:11:00,SES292193,Email,,
EVT00001993M,USR000584,kyc_pan,mobile_sdk,iOS,hi,2026-02-15 03:56:00,SES456793,Email,,
EVT00001994M,USR000584,kyc_address,mobile_sdk,Android,hi,2026-02-15 03:39:00,SES891724,Email,,
EVT00001995M,USR000585,landing,mobile_sdk,Android,hi,2026-03-31 13:07:00,SES849714,WhatsApp,1380,
EVT00001996M,USR000585,rate_check,mobile_sdk,Android,hi,2026-03-31 13:20:00,SES568142,WhatsApp,,
EVT00001997M,USR000585,register,mobile_sdk,Android,hi,2026-03-31 13:11:00,SES288071,WhatsApp,,
EVT00001998M,USR000585,otp_verify,mobile_sdk,iOS,hi,2026-03-31 13:18:00,SES101509,WhatsApp,,
EVT00001999M,USR000586,landing,mobile_sdk,Android,hi,2025-12-17 23:56:00,SES997891,Meta Ads,1248,
EVT00002000M,USR000586,rate_check,mobile_sdk,Android,hi,2025-12-18 00:08:00,SES712347,Meta Ads,,
EVT00002001,USR000587,landing,mobile_sdk,Android,ta,2026-02-05 04:29:00,SES125696,Meta Ads,2517,USER_ABANDONED
EVT00002002,USR000588,landing,mobile_sdk,Android,te,2025-01-23 02:30:00,SES870568,Referral,3280,
EVT00002003,USR000588,rate_check,mobile_sdk,Android,te,2025-01-23 04:44:00,SES390756,Referral,,TIMEOUT
EVT00002004,USR000591,landing,mobile_sdk,Android,en,2025-11-30 12:01:00,SES641533,Referral,1266,
EVT00002005,USR000591,rate_check,mobile_sdk,Android,en,2025-11-30 12:08:00,SES868485,Referral,,
EVT00002006,USR000591,register,mobile_sdk,Android,en,2025-11-30 12:34:00,SES703832,Referral,,
EVT00002007,USR000591,otp_verify,mobile_sdk,Android,en,2025-11-30 15:20:00,SES118026,Referral,,
EVT00002008,USR000591,kyc_pan,mobile_sdk,Android,en,2025-11-30 17:56:00,SES199682,Referral,,
EVT00002009,USR000591,kyc_address,mobile_sdk,Android,en,2025-11-30 18:51:00,SES350751,Referral,,
EVT00002010,USR000591,vkyc_invite,mobile_sdk,Android,en,2025-11-30 19:30:00,SES790817,Referral,,
EVT00002011,USR000591,vkyc_session,mobile_sdk,Android,en,2025-11-30 21:11:00,SES233248,Referral,,
EVT00002012,USR000591,vkyc_complete,mobile_sdk,Android,en,2025-11-30 22:08:00,SES240609,Referral,,
EVT00002013,USR000591,bank_link,mobile_sdk,Android,en,2025-11-30 23:58:00,SES478857,Referral,,
EVT00002014,USR000591,fd_amount_select,mobile_sdk,Android,en,2025-12-01 00:29:00,SES216520,Referral,,
EVT00002015,USR000591,fd_tenure_select,mobile_sdk,Android,en,2025-12-01 03:05:00,SES277033,Referral,,
EVT00002016,USR000591,fd_review,mobile_sdk,Android,en,2025-12-01 05:32:00,SES879367,Referral,,
EVT00002017,USR000591,fd_book_success,mobile_sdk,Android,en,2025-12-01 07:43:00,SES906670,Referral,,
EVT00002018,USR000594,landing,mobile_sdk,Android,hi,2026-01-27 00:32:00,SES360996,Referral,3176,
EVT00002019,USR000594,rate_check,mobile_sdk,Android,hi,2026-01-27 01:25:00,SES186316,Referral,,
EVT00002020,USR000594,register,mobile_sdk,Android,hi,2026-01-27 02:29:00,SES469334,Referral,,
EVT00002021,USR000594,otp_verify,mobile_sdk,Android,hi,2026-01-27 04:49:00,SES999942,Referral,,
EVT00002022,USR000594,kyc_pan,mobile_sdk,Android,hi,2026-01-27 05:25:00,SES853252,Referral,,
EVT00002023,USR000594,kyc_address,mobile_sdk,Android,hi,2026-01-27 06:56:00,SES831965,Referral,,
EVT00002024,USR000594,vkyc_invite,mobile_sdk,Android,hi,2026-01-27 07:02:00,SES908895,Referral,,
EVT00002025,USR000594,vkyc_session,mobile_sdk,Android,hi,2026-01-27 10:00:00,SES129404,Referral,,
EVT00002026,USR000594,vkyc_complete,mobile_sdk,Android,hi,2026-01-27 10:27:00,SES379402,Referral,,
EVT00002027,USR000594,bank_link,mobile_sdk,Android,hi,2026-01-27 13:18:00,SES620542,Referral,,
EVT00002028,USR000594,fd_amount_select,mobile_sdk,Android,hi,2026-01-27 15:08:00,SES677357,Referral,,
EVT00002029,USR000594,fd_tenure_select,mobile_sdk,Android,hi,2026-01-27 17:59:00,SES739517,Referral,,
EVT00002030,USR000594,fd_review,mobile_sdk,Android,hi,2026-01-27 18:19:00,SES662207,Referral,,
EVT00002031,USR000594,fd_book_success,mobile_sdk,Android,hi,2026-01-27 19:34:00,SES399298,Referral,,
EVT00002032M,USR000596,landing,mobile_sdk,Android,en,2025-01-09 16:59:00,SES245808,Google Ads,685,
EVT00002033M,USR000596,rate_check,mobile_sdk,Android,en,2025-01-09 17:34:00,SES683231,Google Ads,,
EVT00002034M,USR000596,register,mobile_sdk,Android,en,2025-01-09 17:29:00,SES182415,Google Ads,,
EVT00002035,USR000597,landing,mobile_sdk,Android,hi,2026-01-15 14:16:00,SES458985,Meta Ads,738,
EVT00002036,USR000597,rate_check,mobile_sdk,Android,hi,2026-01-15 16:21:00,SES952864,Meta Ads,,
EVT00002037,USR000597,register,mobile_sdk,Android,hi,2026-01-15 18:24:00,SES464035,Meta Ads,,
EVT00002038,USR000597,otp_verify,mobile_sdk,Android,hi,2026-01-15 19:36:00,SES370704,Meta Ads,,
EVT00002039,USR000597,kyc_pan,mobile_sdk,Android,hi,2026-01-15 22:35:00,SES194663,Meta Ads,,
EVT00002040,USR000597,kyc_address,mobile_sdk,Android,hi,2026-01-15 23:55:00,SES325265,Meta Ads,,
EVT00002041,USR000597,vkyc_invite,mobile_sdk,Android,hi,2026-01-16 00:15:00,SES103666,Meta Ads,,
EVT00002042,USR000597,vkyc_session,mobile_sdk,Android,hi,2026-01-16 02:46:00,SES414098,Meta Ads,,
EVT00002043,USR000597,vkyc_complete,mobile_sdk,Android,hi,2026-01-16 02:55:00,SES505494,Meta Ads,,
EVT00002044,USR000597,bank_link,mobile_sdk,Android,hi,2026-01-16 03:42:00,SES892368,Meta Ads,,
EVT00002045,USR000597,fd_amount_select,mobile_sdk,Android,hi,2026-01-16 04:28:00,SES707153,Meta Ads,,
EVT00002046,USR000597,fd_tenure_select,mobile_sdk,Android,hi,2026-01-16 05:01:00,SES381107,Meta Ads,,
EVT00002047,USR000597,fd_review,mobile_sdk,Android,hi,2026-01-16 06:10:00,SES794951,Meta Ads,,
EVT00002048,USR000597,fd_book_success,mobile_sdk,Android,hi,2026-01-16 07:10:00,SES391250,Meta Ads,,
EVT00002049M,USR000601,landing,mobile_sdk,iOS,en,2025-02-10 17:23:00,SES650953,Email,1134,
EVT00002050M,USR000601,rate_check,mobile_sdk,Android,en,2025-02-10 17:28:00,SES875102,Email,,
EVT00002051M,USR000601,register,mobile_sdk,Android,en,2025-02-10 16:37:00,SES928243,Email,,
EVT00002052M,USR000603,landing,mobile_sdk,iOS,mr,2025-07-21 14:04:00,SES209172,Organic search,2129,
EVT00002053,USR000604,landing,mobile_sdk,Android,en,2025-01-06 07:38:00,SES668426,Google Ads,1522,
EVT00002054,USR000604,rate_check,mobile_sdk,Android,en,2025-01-06 09:16:00,SES114159,Google Ads,,
EVT00002055,USR000604,register,mobile_sdk,Android,en,2025-01-06 11:40:00,SES934875,Google Ads,,
EVT00002056,USR000604,otp_verify,mobile_sdk,Android,en,2025-01-06 14:08:00,SES269503,Google Ads,,
EVT00002057,USR000604,kyc_pan,mobile_sdk,Android,en,2025-01-06 14:21:00,SES667651,Google Ads,,
EVT00002058,USR000604,kyc_address,mobile_sdk,Android,en,2025-01-06 15:53:00,SES188356,Google Ads,,
EVT00002059,USR000604,vkyc_invite,mobile_sdk,Android,en,2025-01-06 16:29:00,SES777502,Google Ads,,
EVT00002060,USR000604,vkyc_session,mobile_sdk,Android,en,2025-01-06 18:16:00,SES501802,Google Ads,,
EVT00002061,USR000604,vkyc_complete,mobile_sdk,Android,en,2025-01-06 18:22:00,SES700349,Google Ads,,
EVT00002062,USR000604,bank_link,mobile_sdk,Android,en,2025-01-06 20:19:00,SES823120,Google Ads,,
EVT00002063,USR000604,fd_amount_select,mobile_sdk,Android,en,2025-01-06 21:31:00,SES214915,Google Ads,,
EVT00002064,USR000604,fd_tenure_select,mobile_sdk,Android,en,2025-01-06 23:25:00,SES215322,Google Ads,,
EVT00002065,USR000604,fd_review,mobile_sdk,Android,en,2025-01-07 01:55:00,SES165477,Google Ads,,
EVT00002066,USR000604,fd_book_success,mobile_sdk,Android,en,2025-01-07 03:11:00,SES973279,Google Ads,,
EVT00002067M,USR000605,landing,mobile_sdk,Android,hi,2026-04-29 17:35:00,SES709773,Google Ads,1357,
EVT00002068M,USR000605,rate_check,mobile_sdk,Android,hi,2026-04-29 17:56:00,SES146627,Google Ads,,
EVT00002069M,USR000605,register,mobile_sdk,Android,hi,2026-04-29 16:44:00,SES187515,Google Ads,,
EVT00002070M,USR000605,otp_verify,mobile_sdk,Android,hi,2026-04-29 16:39:00,SES297820,Google Ads,,
EVT00002071M,USR000605,kyc_pan,mobile_sdk,iOS,hi,2026-04-29 17:01:00,SES754386,Google Ads,,
EVT00002072M,USR000606,landing,mobile_sdk,iOS,bn,2025-11-10 13:30:00,SES190866,Google Ads,1647,
EVT00002073M,USR000606,rate_check,mobile_sdk,Android,bn,2025-11-10 13:56:00,SES554966,Google Ads,,
EVT00002074M,USR000606,register,mobile_sdk,iOS,bn,2025-11-10 13:01:00,SES780589,Google Ads,,
EVT00002075M,USR000606,otp_verify,mobile_sdk,Android,bn,2025-11-10 13:15:00,SES159214,Google Ads,,
EVT00002076M,USR000606,kyc_pan,mobile_sdk,Android,bn,2025-11-10 12:55:00,SES252857,Google Ads,,
EVT00002077M,USR000606,kyc_address,mobile_sdk,Android,bn,2025-11-10 13:01:00,SES830681,Google Ads,,
EVT00002078M,USR000607,landing,mobile_sdk,Android,en,2025-12-03 22:57:00,SES708864,Referral,1495,
EVT00002079M,USR000611,landing,mobile_sdk,Android,hi,2025-04-25 07:46:00,SES649991,Influencer-YT,311,
EVT00002080M,USR000611,rate_check,mobile_sdk,Android,hi,2025-04-25 06:36:00,SES106019,Influencer-YT,,
EVT00002081M,USR000611,register,mobile_sdk,Android,hi,2025-04-25 07:09:00,SES667210,Influencer-YT,,
EVT00002082M,USR000612,landing,mobile_sdk,Android,en,2025-01-26 07:10:00,SES899279,Direct,1093,
EVT00002083M,USR000612,rate_check,mobile_sdk,Android,en,2025-01-26 07:18:00,SES453131,Direct,,
EVT00002084M,USR000612,register,mobile_sdk,Android,en,2025-01-26 07:34:00,SES787321,Direct,,
EVT00002085M,USR000612,otp_verify,mobile_sdk,Android,en,2025-01-26 06:56:00,SES220932,Direct,,
EVT00002086,USR000613,landing,mobile_sdk,iOS,hi,2026-04-07 14:15:00,SES703166,Influencer-YT,608,
EVT00002087,USR000613,rate_check,mobile_sdk,iOS,hi,2026-04-07 15:52:00,SES487475,Influencer-YT,,DOC_REJECTED
EVT00002088,USR000614,landing,mobile_sdk,Android,hi,2025-10-03 20:07:00,SES666554,Google Ads,1746,
EVT00002089,USR000614,rate_check,mobile_sdk,Android,hi,2025-10-03 22:15:00,SES403356,Google Ads,,
EVT00002090,USR000614,register,mobile_sdk,Android,hi,2025-10-03 23:46:00,SES824123,Google Ads,,
EVT00002091,USR000614,otp_verify,mobile_sdk,Android,hi,2025-10-04 02:03:00,SES305205,Google Ads,,
EVT00002092,USR000614,kyc_pan,mobile_sdk,Android,hi,2025-10-04 02:25:00,SES650744,Google Ads,,
EVT00002093,USR000614,kyc_address,mobile_sdk,Android,hi,2025-10-04 04:17:00,SES503928,Google Ads,,
EVT00002094,USR000614,vkyc_invite,mobile_sdk,Android,hi,2025-10-04 05:43:00,SES368524,Google Ads,,
EVT00002095,USR000614,vkyc_session,mobile_sdk,Android,hi,2025-10-04 06:46:00,SES368186,Google Ads,,
EVT00002096,USR000614,vkyc_complete,mobile_sdk,Android,hi,2025-10-04 08:57:00,SES211144,Google Ads,,
EVT00002097,USR000614,bank_link,mobile_sdk,Android,hi,2025-10-04 10:43:00,SES642334,Google Ads,,
EVT00002098,USR000614,fd_amount_select,mobile_sdk,Android,hi,2025-10-04 11:15:00,SES107576,Google Ads,,
EVT00002099,USR000614,fd_tenure_select,mobile_sdk,Android,hi,2025-10-04 13:57:00,SES877488,Google Ads,,
EVT00002100,USR000614,fd_review,mobile_sdk,Android,hi,2025-10-04 15:34:00,SES839287,Google Ads,,
EVT00002101,USR000614,fd_book_success,mobile_sdk,Android,hi,2025-10-04 16:36:00,SES284377,Google Ads,,
EVT00002102M,USR000615,landing,mobile_sdk,iOS,en,2025-03-06 12:32:00,SES226529,Organic search,2021,
EVT00002103M,USR000615,rate_check,mobile_sdk,Android,en,2025-03-06 11:28:00,SES853253,Organic search,,
EVT00002104,USR000616,landing,mobile_sdk,Android,en,2025-11-06 21:20:00,SES219509,Referral,527,
EVT00002105,USR000616,rate_check,mobile_sdk,Android,en,2025-11-07 00:00:00,SES781867,Referral,,VKYC_AGENT_BUSY
EVT00002106,USR000617,landing,mobile_sdk,Web-Desktop,en,2025-03-25 12:48:00,SES203285,Organic search,1665,
EVT00002107,USR000617,rate_check,mobile_sdk,Web-Desktop,en,2025-03-25 15:08:00,SES130904,Organic search,,
EVT00002108,USR000617,register,mobile_sdk,Web-Desktop,en,2025-03-25 17:17:00,SES379013,Organic search,,
EVT00002109,USR000617,otp_verify,mobile_sdk,Web-Desktop,en,2025-03-25 18:25:00,SES507930,Organic search,,
EVT00002110,USR000617,kyc_pan,mobile_sdk,Web-Desktop,en,2025-03-25 21:25:00,SES935156,Organic search,,
EVT00002111,USR000617,kyc_address,mobile_sdk,Web-Desktop,en,2025-03-25 21:41:00,SES366296,Organic search,,
EVT00002112,USR000617,vkyc_invite,mobile_sdk,Web-Desktop,en,2025-03-25 22:17:00,SES943554,Organic search,,
EVT00002113,USR000617,vkyc_session,mobile_sdk,Web-Desktop,en,2025-03-26 00:53:00,SES565319,Organic search,,
EVT00002114,USR000617,vkyc_complete,mobile_sdk,Web-Desktop,en,2025-03-26 02:14:00,SES621095,Organic search,,USER_ABANDONED
EVT00002115,USR000618,landing,mobile_sdk,Android,en,2025-05-28 09:17:00,SES467067,WhatsApp,2412,
EVT00002116,USR000618,rate_check,mobile_sdk,Android,en,2025-05-28 11:10:00,SES695777,WhatsApp,,
EVT00002117,USR000618,register,mobile_sdk,Android,en,2025-05-28 12:41:00,SES191984,WhatsApp,,
EVT00002118,USR000618,otp_verify,mobile_sdk,Android,en,2025-05-28 12:58:00,SES366617,WhatsApp,,
EVT00002119,USR000618,kyc_pan,mobile_sdk,Android,en,2025-05-28 15:36:00,SES118704,WhatsApp,,
EVT00002120,USR000618,kyc_address,mobile_sdk,Android,en,2025-05-28 15:54:00,SES970210,WhatsApp,,
EVT00002121,USR000618,vkyc_invite,mobile_sdk,Android,en,2025-05-28 17:02:00,SES129414,WhatsApp,,
EVT00002122,USR000618,vkyc_session,mobile_sdk,Android,en,2025-05-28 19:33:00,SES122511,WhatsApp,,
EVT00002123,USR000618,vkyc_complete,mobile_sdk,Android,en,2025-05-28 22:19:00,SES415306,WhatsApp,,
EVT00002124,USR000618,bank_link,mobile_sdk,Android,en,2025-05-29 00:46:00,SES543315,WhatsApp,,
EVT00002125,USR000618,fd_amount_select,mobile_sdk,Android,en,2025-05-29 02:22:00,SES251701,WhatsApp,,
EVT00002126,USR000618,fd_tenure_select,mobile_sdk,Android,en,2025-05-29 04:10:00,SES466334,WhatsApp,,
EVT00002127,USR000618,fd_review,mobile_sdk,Android,en,2025-05-29 06:48:00,SES578939,WhatsApp,,
EVT00002128,USR000618,fd_book_success,mobile_sdk,Android,en,2025-05-29 07:44:00,SES932733,WhatsApp,,
EVT00002129M,USR000619,landing,mobile_sdk,Android,mr,2025-12-09 01:04:00,SES316339,Google Ads,1057,
EVT00002130M,USR000619,rate_check,mobile_sdk,Android,mr,2025-12-09 01:04:00,SES583511,Google Ads,,
EVT00002131M,USR000619,register,mobile_sdk,Android,mr,2025-12-09 01:08:00,SES536896,Google Ads,,
EVT00002132M,USR000619,otp_verify,mobile_sdk,Android,mr,2025-12-09 01:15:00,SES313925,Google Ads,,
EVT00002133,USR000620,landing,mobile_sdk,Android,mr,2025-07-31 12:49:00,SES451762,Referral,2865,
EVT00002134,USR000620,rate_check,mobile_sdk,Android,mr,2025-07-31 13:24:00,SES965154,Referral,,
EVT00002135,USR000620,register,mobile_sdk,Android,mr,2025-07-31 13:26:00,SES186227,Referral,,
EVT00002136,USR000620,otp_verify,mobile_sdk,Android,mr,2025-07-31 15:48:00,SES234229,Referral,,
EVT00002137,USR000620,kyc_pan,mobile_sdk,Android,mr,2025-07-31 18:34:00,SES912270,Referral,,
EVT00002138,USR000620,kyc_address,mobile_sdk,Android,mr,2025-07-31 21:19:00,SES758250,Referral,,
EVT00002139,USR000620,vkyc_invite,mobile_sdk,Android,mr,2025-07-31 21:33:00,SES274138,Referral,,
EVT00002140,USR000620,vkyc_session,mobile_sdk,Android,mr,2025-08-01 00:29:00,SES333577,Referral,,DOC_REJECTED
EVT00002141M,USR000621,landing,mobile_sdk,Android,hi,2025-06-28 06:00:00,SES908481,Organic search,1644,
EVT00002142M,USR000621,rate_check,mobile_sdk,iOS,hi,2025-06-28 05:16:00,SES456643,Organic search,,
EVT00002143M,USR000621,register,mobile_sdk,Android,hi,2025-06-28 06:31:00,SES439472,Organic search,,
EVT00002144M,USR000621,otp_verify,mobile_sdk,iOS,hi,2025-06-28 05:24:00,SES874266,Organic search,,
EVT00002145M,USR000621,kyc_pan,mobile_sdk,Android,hi,2025-06-28 06:00:00,SES819783,Organic search,,
EVT00002146M,USR000622,landing,mobile_sdk,iOS,en,2025-03-13 12:53:00,SES715436,Organic search,1819,
EVT00002147M,USR000622,rate_check,mobile_sdk,Android,en,2025-03-13 13:40:00,SES166196,Organic search,,
EVT00002148M,USR000622,register,mobile_sdk,Android,en,2025-03-13 12:58:00,SES319403,Organic search,,
EVT00002149M,USR000622,otp_verify,mobile_sdk,iOS,en,2025-03-13 13:00:00,SES268802,Organic search,,
EVT00002150M,USR000623,landing,mobile_sdk,iOS,te,2026-03-06 17:59:00,SES207393,Influencer-IG,2108,
EVT00002151,USR000625,landing,mobile_sdk,Android,en,2025-10-21 20:38:00,SES461244,Google Ads,3498,
EVT00002152,USR000625,rate_check,mobile_sdk,Android,en,2025-10-21 21:23:00,SES318303,Google Ads,,
EVT00002153,USR000625,register,mobile_sdk,Android,en,2025-10-21 21:36:00,SES236804,Google Ads,,
EVT00002154,USR000625,otp_verify,mobile_sdk,Android,en,2025-10-21 22:22:00,SES235334,Google Ads,,
EVT00002155,USR000625,kyc_pan,mobile_sdk,Android,en,2025-10-22 00:18:00,SES196008,Google Ads,,
EVT00002156,USR000625,kyc_address,mobile_sdk,Android,en,2025-10-22 01:57:00,SES426226,Google Ads,,
EVT00002157,USR000625,vkyc_invite,mobile_sdk,Android,en,2025-10-22 02:53:00,SES794229,Google Ads,,
EVT00002158,USR000625,vkyc_session,mobile_sdk,Android,en,2025-10-22 05:51:00,SES472867,Google Ads,,
EVT00002159,USR000625,vkyc_complete,mobile_sdk,Android,en,2025-10-22 08:25:00,SES752808,Google Ads,,
EVT00002160,USR000625,bank_link,mobile_sdk,Android,en,2025-10-22 11:06:00,SES879825,Google Ads,,
EVT00002161,USR000625,fd_amount_select,mobile_sdk,Android,en,2025-10-22 11:23:00,SES169270,Google Ads,,
EVT00002162,USR000625,fd_tenure_select,mobile_sdk,Android,en,2025-10-22 11:58:00,SES743414,Google Ads,,
EVT00002163,USR000625,fd_review,mobile_sdk,Android,en,2025-10-22 12:01:00,SES979163,Google Ads,,
EVT00002164,USR000625,fd_book_success,mobile_sdk,Android,en,2025-10-22 14:39:00,SES814732,Google Ads,,
EVT00002165M,USR000626,landing,mobile_sdk,iOS,hi,2025-10-04 11:24:00,SES863043,Google Ads,502,
EVT00002166M,USR000626,rate_check,mobile_sdk,iOS,hi,2025-10-04 11:23:00,SES357516,Google Ads,,
EVT00002167,USR000628,landing,mobile_sdk,Web-Mobile,bn,2025-02-19 01:46:00,SES149092,WhatsApp,1455,
EVT00002168,USR000628,rate_check,mobile_sdk,Web-Mobile,bn,2025-02-19 03:26:00,SES537884,WhatsApp,,
EVT00002169,USR000628,register,mobile_sdk,Web-Mobile,bn,2025-02-19 05:09:00,SES844558,WhatsApp,,
EVT00002170,USR000628,otp_verify,mobile_sdk,Web-Mobile,bn,2025-02-19 05:15:00,SES309962,WhatsApp,,
EVT00002171,USR000628,kyc_pan,mobile_sdk,Web-Mobile,bn,2025-02-19 07:48:00,SES475722,WhatsApp,,
EVT00002172,USR000628,kyc_address,mobile_sdk,Web-Mobile,bn,2025-02-19 10:44:00,SES763646,WhatsApp,,
EVT00002173,USR000628,vkyc_invite,mobile_sdk,Web-Mobile,bn,2025-02-19 12:42:00,SES910044,WhatsApp,,
EVT00002174,USR000628,vkyc_session,mobile_sdk,Web-Mobile,bn,2025-02-19 14:58:00,SES341273,WhatsApp,,
EVT00002175,USR000628,vkyc_complete,mobile_sdk,Web-Mobile,bn,2025-02-19 15:45:00,SES873661,WhatsApp,,
EVT00002176,USR000628,bank_link,mobile_sdk,Web-Mobile,bn,2025-02-19 16:28:00,SES457076,WhatsApp,,
EVT00002177,USR000628,fd_amount_select,mobile_sdk,Web-Mobile,bn,2025-02-19 17:15:00,SES422439,WhatsApp,,
EVT00002178,USR000628,fd_tenure_select,mobile_sdk,Web-Mobile,bn,2025-02-19 19:35:00,SES670837,WhatsApp,,
EVT00002179,USR000628,fd_review,mobile_sdk,Web-Mobile,bn,2025-02-19 19:41:00,SES615601,WhatsApp,,
EVT00002180,USR000628,fd_book_success,mobile_sdk,Web-Mobile,bn,2025-02-19 21:26:00,SES727645,WhatsApp,,
EVT00002181M,USR000629,landing,mobile_sdk,iOS,hi,2025-12-29 11:10:00,SES681046,Influencer-YT,2441,
EVT00002182,USR000630,landing,mobile_sdk,iOS,mr,2025-07-04 06:19:00,SES274263,Email,2867,
EVT00002183,USR000630,rate_check,mobile_sdk,iOS,mr,2025-07-04 07:47:00,SES816945,Email,,TIMEOUT
EVT00002184,USR000631,landing,mobile_sdk,iOS,hi,2025-02-14 08:20:00,SES525941,Direct,319,
EVT00002185,USR000631,rate_check,mobile_sdk,iOS,hi,2025-02-14 09:28:00,SES812025,Direct,,
EVT00002186,USR000631,register,mobile_sdk,iOS,hi,2025-02-14 11:48:00,SES813766,Direct,,
EVT00002187,USR000631,otp_verify,mobile_sdk,iOS,hi,2025-02-14 14:11:00,SES265815,Direct,,
EVT00002188,USR000631,kyc_pan,mobile_sdk,iOS,hi,2025-02-14 15:06:00,SES774143,Direct,,
EVT00002189,USR000631,kyc_address,mobile_sdk,iOS,hi,2025-02-14 18:00:00,SES384189,Direct,,
EVT00002190,USR000631,vkyc_invite,mobile_sdk,iOS,hi,2025-02-14 19:15:00,SES391960,Direct,,
EVT00002191,USR000631,vkyc_session,mobile_sdk,iOS,hi,2025-02-14 22:06:00,SES935227,Direct,,
EVT00002192,USR000631,vkyc_complete,mobile_sdk,iOS,hi,2025-02-14 23:24:00,SES650772,Direct,,
EVT00002193,USR000631,bank_link,mobile_sdk,iOS,hi,2025-02-15 02:15:00,SES514271,Direct,,
EVT00002194,USR000631,fd_amount_select,mobile_sdk,iOS,hi,2025-02-15 03:35:00,SES415845,Direct,,
EVT00002195,USR000631,fd_tenure_select,mobile_sdk,iOS,hi,2025-02-15 03:56:00,SES833633,Direct,,
EVT00002196,USR000631,fd_review,mobile_sdk,iOS,hi,2025-02-15 04:27:00,SES759891,Direct,,
EVT00002197,USR000631,fd_book_success,mobile_sdk,iOS,hi,2025-02-15 05:03:00,SES750788,Direct,,
EVT00002198,USR000634,landing,mobile_sdk,Android,kn,2025-09-05 12:53:00,SES769565,Google Ads,2912,
EVT00002199,USR000634,rate_check,mobile_sdk,Android,kn,2025-09-05 15:32:00,SES809243,Google Ads,,
EVT00002200,USR000634,register,mobile_sdk,Android,kn,2025-09-05 15:39:00,SES352913,Google Ads,,
EVT00002201,USR000634,otp_verify,mobile_sdk,Android,kn,2025-09-05 18:16:00,SES860039,Google Ads,,
EVT00002202,USR000634,kyc_pan,mobile_sdk,Android,kn,2025-09-05 19:59:00,SES686476,Google Ads,,
EVT00002203,USR000634,kyc_address,mobile_sdk,Android,kn,2025-09-05 20:13:00,SES849125,Google Ads,,
EVT00002204,USR000634,vkyc_invite,mobile_sdk,Android,kn,2025-09-05 21:08:00,SES690522,Google Ads,,RATE_NOT_COMPETITIVE
EVT00002205M,USR000636,landing,mobile_sdk,Android,hi,2025-06-30 07:00:00,SES224745,Referral,1536,
EVT00002206,USR000638,landing,mobile_sdk,Web-Mobile,mr,2025-12-15 23:45:00,SES965694,Referral,1617,
EVT00002207,USR000638,rate_check,mobile_sdk,Web-Mobile,mr,2025-12-16 00:54:00,SES721564,Referral,,
EVT00002208,USR000638,register,mobile_sdk,Web-Mobile,mr,2025-12-16 02:22:00,SES313492,Referral,,
EVT00002209,USR000638,otp_verify,mobile_sdk,Web-Mobile,mr,2025-12-16 02:40:00,SES410433,Referral,,
EVT00002210,USR000638,kyc_pan,mobile_sdk,Web-Mobile,mr,2025-12-16 03:35:00,SES355970,Referral,,
EVT00002211,USR000638,kyc_address,mobile_sdk,Web-Mobile,mr,2025-12-16 04:58:00,SES440082,Referral,,
EVT00002212,USR000638,vkyc_invite,mobile_sdk,Web-Mobile,mr,2025-12-16 04:59:00,SES193594,Referral,,USER_ABANDONED
EVT00002213M,USR000641,landing,mobile_sdk,Android,kn,2025-12-21 01:24:00,SES333468,Influencer-IG,2024,
EVT00002214,USR000642,landing,mobile_sdk,iOS,en,2025-06-16 19:52:00,SES412939,Google Ads,1369,USER_ABANDONED
EVT00002215M,USR000643,landing,mobile_sdk,iOS,en,2026-04-24 00:38:00,SES724734,Organic search,1287,
EVT00002216M,USR000643,rate_check,mobile_sdk,Android,en,2026-04-23 23:50:00,SES648254,Organic search,,
EVT00002217M,USR000643,register,mobile_sdk,Android,en,2026-04-24 00:39:00,SES266701,Organic search,,
EVT00002218M,USR000644,landing,mobile_sdk,Android,hi,2025-07-12 06:13:00,SES883080,Meta Ads,1861,
EVT00002219,USR000645,landing,mobile_sdk,Android,en,2025-07-28 13:51:00,SES969233,Google Ads,3405,
EVT00002220,USR000645,rate_check,mobile_sdk,Android,en,2025-07-28 14:51:00,SES784309,Google Ads,,
EVT00002221,USR000645,register,mobile_sdk,Android,en,2025-07-28 16:49:00,SES768974,Google Ads,,
EVT00002222,USR000645,otp_verify,mobile_sdk,Android,en,2025-07-28 17:56:00,SES839717,Google Ads,,
EVT00002223,USR000645,kyc_pan,mobile_sdk,Android,en,2025-07-28 18:04:00,SES147271,Google Ads,,
EVT00002224,USR000645,kyc_address,mobile_sdk,Android,en,2025-07-28 20:53:00,SES958908,Google Ads,,
EVT00002225,USR000645,vkyc_invite,mobile_sdk,Android,en,2025-07-28 22:23:00,SES155515,Google Ads,,
EVT00002226,USR000645,vkyc_session,mobile_sdk,Android,en,2025-07-29 01:02:00,SES408074,Google Ads,,
EVT00002227,USR000645,vkyc_complete,mobile_sdk,Android,en,2025-07-29 01:04:00,SES564044,Google Ads,,
EVT00002228,USR000645,bank_link,mobile_sdk,Android,en,2025-07-29 02:03:00,SES731349,Google Ads,,
EVT00002229,USR000645,fd_amount_select,mobile_sdk,Android,en,2025-07-29 04:05:00,SES869851,Google Ads,,
EVT00002230,USR000645,fd_tenure_select,mobile_sdk,Android,en,2025-07-29 04:27:00,SES149440,Google Ads,,
EVT00002231,USR000645,fd_review,mobile_sdk,Android,en,2025-07-29 06:38:00,SES487391,Google Ads,,
EVT00002232,USR000645,fd_book_success,mobile_sdk,Android,en,2025-07-29 08:08:00,SES909809,Google Ads,,
EVT00002233M,USR000646,landing,mobile_sdk,Android,te,2025-08-17 00:43:00,SES422225,WhatsApp,2165,
EVT00002234M,USR000646,rate_check,mobile_sdk,Android,te,2025-08-17 00:37:00,SES637114,WhatsApp,,
EVT00002235M,USR000646,register,mobile_sdk,Android,te,2025-08-17 01:10:00,SES954383,WhatsApp,,
EVT00002236M,USR000646,otp_verify,mobile_sdk,iOS,te,2025-08-17 00:48:00,SES181290,WhatsApp,,
EVT00002237M,USR000646,kyc_pan,mobile_sdk,Android,te,2025-08-17 00:55:00,SES970410,WhatsApp,,
EVT00002238M,USR000647,landing,mobile_sdk,Android,mr,2025-06-03 04:15:00,SES710050,WhatsApp,1389,
EVT00002239M,USR000647,rate_check,mobile_sdk,Android,mr,2025-06-03 04:18:00,SES419572,WhatsApp,,
EVT00002240,USR000648,landing,mobile_sdk,Android,en,2026-03-08 01:09:00,SES416647,Direct,747,
EVT00002241,USR000648,rate_check,mobile_sdk,Android,en,2026-03-08 02:47:00,SES614150,Direct,,
EVT00002242,USR000648,register,mobile_sdk,Android,en,2026-03-08 04:44:00,SES391675,Direct,,
EVT00002243,USR000648,otp_verify,mobile_sdk,Android,en,2026-03-08 06:11:00,SES353767,Direct,,
EVT00002244,USR000648,kyc_pan,mobile_sdk,Android,en,2026-03-08 07:23:00,SES527948,Direct,,
EVT00002245,USR000648,kyc_address,mobile_sdk,Android,en,2026-03-08 09:16:00,SES682810,Direct,,
EVT00002246,USR000648,vkyc_invite,mobile_sdk,Android,en,2026-03-08 11:04:00,SES315981,Direct,,
EVT00002247,USR000648,vkyc_session,mobile_sdk,Android,en,2026-03-08 11:30:00,SES496269,Direct,,
EVT00002248,USR000648,vkyc_complete,mobile_sdk,Android,en,2026-03-08 13:12:00,SES171370,Direct,,
EVT00002249,USR000648,bank_link,mobile_sdk,Android,en,2026-03-08 13:42:00,SES198977,Direct,,
EVT00002250,USR000648,fd_amount_select,mobile_sdk,Android,en,2026-03-08 15:55:00,SES486981,Direct,,
EVT00002251,USR000648,fd_tenure_select,mobile_sdk,Android,en,2026-03-08 17:31:00,SES244975,Direct,,
EVT00002252,USR000648,fd_review,mobile_sdk,Android,en,2026-03-08 19:38:00,SES223384,Direct,,
EVT00002253,USR000648,fd_book_success,mobile_sdk,Android,en,2026-03-08 21:45:00,SES415415,Direct,,
EVT00002254M,USR000652,landing,mobile_sdk,iOS,hi,2025-01-31 13:04:00,SES665208,Meta Ads,751,
EVT00002255M,USR000652,rate_check,mobile_sdk,iOS,hi,2025-01-31 13:24:00,SES633645,Meta Ads,,
EVT00002256M,USR000652,register,mobile_sdk,Android,hi,2025-01-31 13:26:00,SES289206,Meta Ads,,
EVT00002257M,USR000652,otp_verify,mobile_sdk,iOS,hi,2025-01-31 13:45:00,SES570406,Meta Ads,,
EVT00002258M,USR000652,kyc_pan,mobile_sdk,Android,hi,2025-01-31 12:47:00,SES402097,Meta Ads,,
EVT00002259,USR000653,landing,mobile_sdk,Android,en,2026-04-23 00:54:00,SES424628,Organic search,2960,
EVT00002260,USR000653,rate_check,mobile_sdk,Android,en,2026-04-23 01:39:00,SES504929,Organic search,,
EVT00002261,USR000653,register,mobile_sdk,Android,en,2026-04-23 02:07:00,SES759858,Organic search,,
EVT00002262,USR000653,otp_verify,mobile_sdk,Android,en,2026-04-23 04:57:00,SES406417,Organic search,,
EVT00002263,USR000653,kyc_pan,mobile_sdk,Android,en,2026-04-23 06:49:00,SES736019,Organic search,,
EVT00002264,USR000653,kyc_address,mobile_sdk,Android,en,2026-04-23 06:50:00,SES607291,Organic search,,
EVT00002265,USR000653,vkyc_invite,mobile_sdk,Android,en,2026-04-23 07:35:00,SES699482,Organic search,,
EVT00002266,USR000653,vkyc_session,mobile_sdk,Android,en,2026-04-23 08:09:00,SES921767,Organic search,,
EVT00002267,USR000653,vkyc_complete,mobile_sdk,Android,en,2026-04-23 09:10:00,SES834831,Organic search,,
EVT00002268,USR000653,bank_link,mobile_sdk,Android,en,2026-04-23 11:24:00,SES779425,Organic search,,
EVT00002269,USR000653,fd_amount_select,mobile_sdk,Android,en,2026-04-23 11:31:00,SES633487,Organic search,,
EVT00002270,USR000653,fd_tenure_select,mobile_sdk,Android,en,2026-04-23 14:29:00,SES352528,Organic search,,
EVT00002271,USR000653,fd_review,mobile_sdk,Android,en,2026-04-23 15:47:00,SES891575,Organic search,,
EVT00002272,USR000653,fd_book_success,mobile_sdk,Android,en,2026-04-23 17:17:00,SES341781,Organic search,,
EVT00002273,USR000654,landing,mobile_sdk,Android,en,2025-10-15 07:21:00,SES280763,Influencer-YT,2512,
EVT00002274,USR000654,rate_check,mobile_sdk,Android,en,2025-10-15 07:27:00,SES821634,Influencer-YT,,RATE_NOT_COMPETITIVE
EVT00002275M,USR000655,landing,mobile_sdk,Android,en,2026-02-04 08:36:00,SES642717,Influencer-IG,720,
EVT00002276M,USR000656,landing,mobile_sdk,iOS,mr,2025-03-04 05:07:00,SES679095,Direct,689,
EVT00002277M,USR000656,rate_check,mobile_sdk,Android,mr,2025-03-04 05:00:00,SES428744,Direct,,
EVT00002278M,USR000656,register,mobile_sdk,Android,mr,2025-03-04 05:24:00,SES289774,Direct,,
EVT00002279M,USR000656,otp_verify,mobile_sdk,Android,mr,2025-03-04 04:21:00,SES674199,Direct,,
EVT00002280M,USR000657,landing,mobile_sdk,Android,hi,2025-11-22 10:33:00,SES775572,Google Ads,453,
EVT00002281M,USR000657,rate_check,mobile_sdk,Android,hi,2025-11-22 10:31:00,SES723764,Google Ads,,
EVT00002282M,USR000657,register,mobile_sdk,Android,hi,2025-11-22 10:47:00,SES803025,Google Ads,,
EVT00002283M,USR000658,landing,mobile_sdk,iOS,kn,2025-05-02 18:52:00,SES640990,Influencer-YT,2136,
EVT00002284M,USR000658,rate_check,mobile_sdk,Android,kn,2025-05-02 19:18:00,SES283611,Influencer-YT,,
EVT00002285M,USR000658,register,mobile_sdk,Android,kn,2025-05-02 20:04:00,SES574420,Influencer-YT,,
EVT00002286M,USR000658,otp_verify,mobile_sdk,Android,kn,2025-05-02 19:13:00,SES640132,Influencer-YT,,
EVT00002287M,USR000658,kyc_pan,mobile_sdk,Android,kn,2025-05-02 19:32:00,SES650144,Influencer-YT,,
EVT00002288M,USR000658,kyc_address,mobile_sdk,iOS,kn,2025-05-02 19:42:00,SES987734,Influencer-YT,,
EVT00002289M,USR000659,landing,mobile_sdk,iOS,en,2025-02-03 07:37:00,SES358497,Email,128,
EVT00002290M,USR000659,rate_check,mobile_sdk,Android,en,2025-02-03 07:13:00,SES555826,Email,,
EVT00002291M,USR000659,register,mobile_sdk,Android,en,2025-02-03 07:03:00,SES481083,Email,,
EVT00002292M,USR000659,otp_verify,mobile_sdk,Android,en,2025-02-03 07:00:00,SES563224,Email,,
EVT00002293M,USR000659,kyc_pan,mobile_sdk,iOS,en,2025-02-03 06:26:00,SES870631,Email,,
EVT00002294M,USR000659,kyc_address,mobile_sdk,Android,en,2025-02-03 06:44:00,SES448542,Email,,
EVT00002295M,USR000660,landing,mobile_sdk,Android,ta,2025-02-04 16:34:00,SES762683,Influencer-IG,1761,
EVT00002296M,USR000661,landing,mobile_sdk,iOS,kn,2025-11-14 13:58:00,SES826994,Meta Ads,213,
EVT00002297,USR000662,landing,mobile_sdk,iOS,hi,2025-09-23 19:44:00,SES446145,Direct,1543,
EVT00002298,USR000662,rate_check,mobile_sdk,iOS,hi,2025-09-23 21:41:00,SES581950,Direct,,
EVT00002299,USR000662,register,mobile_sdk,iOS,hi,2025-09-23 23:44:00,SES359832,Direct,,
EVT00002300,USR000662,otp_verify,mobile_sdk,iOS,hi,2025-09-23 23:56:00,SES538968,Direct,,
EVT00002301,USR000662,kyc_pan,mobile_sdk,iOS,hi,2025-09-24 01:14:00,SES411526,Direct,,
EVT00002302,USR000662,kyc_address,mobile_sdk,iOS,hi,2025-09-24 03:49:00,SES927860,Direct,,
EVT00002303,USR000662,vkyc_invite,mobile_sdk,iOS,hi,2025-09-24 06:00:00,SES691034,Direct,,
EVT00002304,USR000662,vkyc_session,mobile_sdk,iOS,hi,2025-09-24 08:06:00,SES230511,Direct,,
EVT00002305,USR000662,vkyc_complete,mobile_sdk,iOS,hi,2025-09-24 10:11:00,SES758385,Direct,,
EVT00002306,USR000662,bank_link,mobile_sdk,iOS,hi,2025-09-24 12:23:00,SES154854,Direct,,
EVT00002307,USR000662,fd_amount_select,mobile_sdk,iOS,hi,2025-09-24 13:06:00,SES400277,Direct,,
EVT00002308,USR000662,fd_tenure_select,mobile_sdk,iOS,hi,2025-09-24 15:34:00,SES989972,Direct,,
EVT00002309,USR000662,fd_review,mobile_sdk,iOS,hi,2025-09-24 18:27:00,SES809240,Direct,,
EVT00002310,USR000662,fd_book_success,mobile_sdk,iOS,hi,2025-09-24 18:30:00,SES687264,Direct,,
EVT00002311,USR000663,landing,mobile_sdk,Android,hi,2025-12-22 17:17:00,SES603123,Meta Ads,3478,
EVT00002312,USR000663,rate_check,mobile_sdk,Android,hi,2025-12-22 18:39:00,SES841194,Meta Ads,,
EVT00002313,USR000663,register,mobile_sdk,Android,hi,2025-12-22 21:35:00,SES119138,Meta Ads,,
EVT00002314,USR000663,otp_verify,mobile_sdk,Android,hi,2025-12-22 22:26:00,SES747000,Meta Ads,,
EVT00002315,USR000663,kyc_pan,mobile_sdk,Android,hi,2025-12-22 22:41:00,SES915055,Meta Ads,,
EVT00002316,USR000663,kyc_address,mobile_sdk,Android,hi,2025-12-23 00:52:00,SES997629,Meta Ads,,
EVT00002317,USR000663,vkyc_invite,mobile_sdk,Android,hi,2025-12-23 01:41:00,SES888007,Meta Ads,,
EVT00002318,USR000663,vkyc_session,mobile_sdk,Android,hi,2025-12-23 02:34:00,SES210552,Meta Ads,,
EVT00002319,USR000663,vkyc_complete,mobile_sdk,Android,hi,2025-12-23 03:38:00,SES562445,Meta Ads,,
EVT00002320,USR000663,bank_link,mobile_sdk,Android,hi,2025-12-23 04:06:00,SES258343,Meta Ads,,
EVT00002321,USR000663,fd_amount_select,mobile_sdk,Android,hi,2025-12-23 06:33:00,SES487079,Meta Ads,,
EVT00002322,USR000663,fd_tenure_select,mobile_sdk,Android,hi,2025-12-23 06:41:00,SES933355,Meta Ads,,
EVT00002323,USR000663,fd_review,mobile_sdk,Android,hi,2025-12-23 09:03:00,SES639869,Meta Ads,,
EVT00002324,USR000663,fd_book_success,mobile_sdk,Android,hi,2025-12-23 11:23:00,SES213589,Meta Ads,,
EVT00002325M,USR000664,landing,mobile_sdk,Android,mr,2026-02-11 20:48:00,SES239642,Influencer-IG,2090,
EVT00002326M,USR000664,rate_check,mobile_sdk,Android,mr,2026-02-11 21:45:00,SES647293,Influencer-IG,,
EVT00002327M,USR000664,register,mobile_sdk,Android,mr,2026-02-11 21:55:00,SES984886,Influencer-IG,,
EVT00002328M,USR000664,otp_verify,mobile_sdk,iOS,mr,2026-02-11 20:52:00,SES198716,Influencer-IG,,
EVT00002329M,USR000664,kyc_pan,mobile_sdk,Android,mr,2026-02-11 21:19:00,SES389861,Influencer-IG,,
EVT00002330M,USR000664,kyc_address,mobile_sdk,Android,mr,2026-02-11 21:24:00,SES306067,Influencer-IG,,
EVT00002331,USR000666,landing,mobile_sdk,iOS,hi,2026-04-11 07:00:00,SES780560,Email,1735,
EVT00002332,USR000666,rate_check,mobile_sdk,iOS,hi,2026-04-11 09:18:00,SES886204,Email,,
EVT00002333,USR000666,register,mobile_sdk,iOS,hi,2026-04-11 10:24:00,SES385805,Email,,
EVT00002334,USR000666,otp_verify,mobile_sdk,iOS,hi,2026-04-11 12:55:00,SES167379,Email,,
EVT00002335,USR000666,kyc_pan,mobile_sdk,iOS,hi,2026-04-11 14:25:00,SES185832,Email,,USER_ABANDONED
EVT00002336,USR000667,landing,mobile_sdk,Android,ta,2025-10-30 11:52:00,SES274564,Influencer-YT,1983,
EVT00002337,USR000667,rate_check,mobile_sdk,Android,ta,2025-10-30 12:37:00,SES438615,Influencer-YT,,
EVT00002338,USR000667,register,mobile_sdk,Android,ta,2025-10-30 14:35:00,SES339657,Influencer-YT,,USER_ABANDONED
EVT00002339,USR000670,landing,mobile_sdk,Android,en,2025-05-15 03:00:00,SES415836,Email,1794,
EVT00002340,USR000670,rate_check,mobile_sdk,Android,en,2025-05-15 04:25:00,SES769428,Email,,
EVT00002341,USR000670,register,mobile_sdk,Android,en,2025-05-15 05:39:00,SES896450,Email,,
EVT00002342,USR000670,otp_verify,mobile_sdk,Android,en,2025-05-15 08:17:00,SES499492,Email,,
EVT00002343,USR000670,kyc_pan,mobile_sdk,Android,en,2025-05-15 09:17:00,SES372172,Email,,
EVT00002344,USR000670,kyc_address,mobile_sdk,Android,en,2025-05-15 11:34:00,SES557862,Email,,
EVT00002345,USR000670,vkyc_invite,mobile_sdk,Android,en,2025-05-15 14:07:00,SES628446,Email,,
EVT00002346,USR000670,vkyc_session,mobile_sdk,Android,en,2025-05-15 15:57:00,SES828797,Email,,
EVT00002347,USR000670,vkyc_complete,mobile_sdk,Android,en,2025-05-15 17:40:00,SES926944,Email,,
EVT00002348,USR000670,bank_link,mobile_sdk,Android,en,2025-05-15 18:13:00,SES692353,Email,,
EVT00002349,USR000670,fd_amount_select,mobile_sdk,Android,en,2025-05-15 20:21:00,SES603617,Email,,
EVT00002350,USR000670,fd_tenure_select,mobile_sdk,Android,en,2025-05-15 22:01:00,SES905858,Email,,USER_ABANDONED
EVT00002351M,USR000672,landing,mobile_sdk,iOS,hi,2025-04-12 01:09:00,SES864306,Organic search,2002,
EVT00002352M,USR000672,rate_check,mobile_sdk,Android,hi,2025-04-12 00:22:00,SES124881,Organic search,,
EVT00002353M,USR000672,register,mobile_sdk,Android,hi,2025-04-12 01:03:00,SES571183,Organic search,,
EVT00002354M,USR000672,otp_verify,mobile_sdk,iOS,hi,2025-04-12 01:26:00,SES231772,Organic search,,
EVT00002355M,USR000672,kyc_pan,mobile_sdk,iOS,hi,2025-04-12 01:40:00,SES226466,Organic search,,
EVT00002356M,USR000672,kyc_address,mobile_sdk,Android,hi,2025-04-12 01:07:00,SES657712,Organic search,,
EVT00002357M,USR000674,landing,mobile_sdk,Android,hi,2025-07-14 15:58:00,SES843841,Direct,1449,
EVT00002358M,USR000674,rate_check,mobile_sdk,Android,hi,2025-07-14 15:22:00,SES301321,Direct,,
EVT00002359M,USR000674,register,mobile_sdk,iOS,hi,2025-07-14 15:25:00,SES910304,Direct,,
EVT00002360M,USR000674,otp_verify,mobile_sdk,Android,hi,2025-07-14 15:45:00,SES610945,Direct,,
EVT00002361M,USR000674,kyc_pan,mobile_sdk,Android,hi,2025-07-14 16:18:00,SES624336,Direct,,
EVT00002362M,USR000674,kyc_address,mobile_sdk,iOS,hi,2025-07-14 15:21:00,SES472072,Direct,,
EVT00002363,USR000676,landing,mobile_sdk,Android,en,2025-10-10 23:33:00,SES881963,Direct,1271,
EVT00002364,USR000676,rate_check,mobile_sdk,Android,en,2025-10-11 02:10:00,SES326544,Direct,,
EVT00002365,USR000676,register,mobile_sdk,Android,en,2025-10-11 04:12:00,SES467331,Direct,,USER_ABANDONED
EVT00002366,USR000677,landing,mobile_sdk,iOS,mr,2025-01-29 07:55:00,SES661027,Direct,3466,
EVT00002367,USR000677,rate_check,mobile_sdk,iOS,mr,2025-01-29 08:24:00,SES417796,Direct,,
EVT00002368,USR000677,register,mobile_sdk,iOS,mr,2025-01-29 08:51:00,SES847621,Direct,,
EVT00002369,USR000677,otp_verify,mobile_sdk,iOS,mr,2025-01-29 10:29:00,SES618695,Direct,,
EVT00002370,USR000677,kyc_pan,mobile_sdk,iOS,mr,2025-01-29 10:55:00,SES683651,Direct,,
EVT00002371,USR000677,kyc_address,mobile_sdk,iOS,mr,2025-01-29 12:19:00,SES171601,Direct,,
EVT00002372,USR000677,vkyc_invite,mobile_sdk,iOS,mr,2025-01-29 12:20:00,SES633464,Direct,,
EVT00002373,USR000677,vkyc_session,mobile_sdk,iOS,mr,2025-01-29 13:30:00,SES751760,Direct,,
EVT00002374,USR000677,vkyc_complete,mobile_sdk,iOS,mr,2025-01-29 15:00:00,SES361869,Direct,,
EVT00002375,USR000677,bank_link,mobile_sdk,iOS,mr,2025-01-29 16:27:00,SES195615,Direct,,
EVT00002376,USR000677,fd_amount_select,mobile_sdk,iOS,mr,2025-01-29 17:35:00,SES141112,Direct,,
EVT00002377,USR000677,fd_tenure_select,mobile_sdk,iOS,mr,2025-01-29 19:19:00,SES665778,Direct,,
EVT00002378,USR000677,fd_review,mobile_sdk,iOS,mr,2025-01-29 22:14:00,SES463840,Direct,,
EVT00002379,USR000677,fd_book_success,mobile_sdk,iOS,mr,2025-01-30 00:43:00,SES988643,Direct,,
EVT00002380,USR000678,landing,mobile_sdk,Android,en,2026-02-19 06:26:00,SES149292,Google Ads,2071,
EVT00002381,USR000678,rate_check,mobile_sdk,Android,en,2026-02-19 07:11:00,SES675456,Google Ads,,
EVT00002382,USR000678,register,mobile_sdk,Android,en,2026-02-19 09:47:00,SES747176,Google Ads,,
EVT00002383,USR000678,otp_verify,mobile_sdk,Android,en,2026-02-19 10:23:00,SES456178,Google Ads,,
EVT00002384,USR000678,kyc_pan,mobile_sdk,Android,en,2026-02-19 13:12:00,SES841175,Google Ads,,
EVT00002385,USR000678,kyc_address,mobile_sdk,Android,en,2026-02-19 13:45:00,SES283187,Google Ads,,
EVT00002386,USR000678,vkyc_invite,mobile_sdk,Android,en,2026-02-19 14:49:00,SES852742,Google Ads,,
EVT00002387,USR000678,vkyc_session,mobile_sdk,Android,en,2026-02-19 17:39:00,SES264108,Google Ads,,
EVT00002388,USR000678,vkyc_complete,mobile_sdk,Android,en,2026-02-19 18:27:00,SES597976,Google Ads,,
EVT00002389,USR000678,bank_link,mobile_sdk,Android,en,2026-02-19 19:36:00,SES399310,Google Ads,,
EVT00002390,USR000678,fd_amount_select,mobile_sdk,Android,en,2026-02-19 22:02:00,SES948447,Google Ads,,
EVT00002391,USR000678,fd_tenure_select,mobile_sdk,Android,en,2026-02-19 23:23:00,SES755565,Google Ads,,USER_ABANDONED
EVT00002392M,USR000679,landing,mobile_sdk,Android,en,2026-04-07 19:25:00,SES519393,Meta Ads,402,
EVT00002393M,USR000679,rate_check,mobile_sdk,iOS,en,2026-04-07 19:42:00,SES418459,Meta Ads,,
EVT00002394M,USR000679,register,mobile_sdk,iOS,en,2026-04-07 19:43:00,SES724001,Meta Ads,,
EVT00002395M,USR000680,landing,mobile_sdk,Android,hi,2025-09-10 04:48:00,SES288327,Email,639,
EVT00002396M,USR000680,rate_check,mobile_sdk,iOS,hi,2025-09-10 04:08:00,SES135594,Email,,
EVT00002397M,USR000680,register,mobile_sdk,iOS,hi,2025-09-10 03:44:00,SES345472,Email,,
EVT00002398M,USR000680,otp_verify,mobile_sdk,Android,hi,2025-09-10 03:35:00,SES611290,Email,,
EVT00002399M,USR000680,kyc_pan,mobile_sdk,Android,hi,2025-09-10 04:32:00,SES298583,Email,,
EVT00002400M,USR000680,kyc_address,mobile_sdk,iOS,hi,2025-09-10 03:58:00,SES870984,Email,,
EVT00002401M,USR000681,landing,mobile_sdk,Android,hi,2025-02-02 10:15:00,SES803140,Email,549,
EVT00002402M,USR000681,rate_check,mobile_sdk,Android,hi,2025-02-02 10:59:00,SES558788,Email,,
EVT00002403,USR000683,landing,mobile_sdk,Web-Desktop,hi,2025-07-08 02:27:00,SES903683,Meta Ads,915,
EVT00002404,USR000683,rate_check,mobile_sdk,Web-Desktop,hi,2025-07-08 02:40:00,SES653195,Meta Ads,,
EVT00002405,USR000683,register,mobile_sdk,Web-Desktop,hi,2025-07-08 05:16:00,SES734816,Meta Ads,,
EVT00002406,USR000683,otp_verify,mobile_sdk,Web-Desktop,hi,2025-07-08 06:42:00,SES630196,Meta Ads,,
EVT00002407,USR000683,kyc_pan,mobile_sdk,Web-Desktop,hi,2025-07-08 07:32:00,SES595708,Meta Ads,,
EVT00002408,USR000683,kyc_address,mobile_sdk,Web-Desktop,hi,2025-07-08 10:23:00,SES600032,Meta Ads,,
EVT00002409,USR000683,vkyc_invite,mobile_sdk,Web-Desktop,hi,2025-07-08 12:34:00,SES979896,Meta Ads,,VKYC_AGENT_BUSY
EVT00002410,USR000684,landing,mobile_sdk,Android,en,2025-07-13 19:43:00,SES145241,Google Ads,2735,
EVT00002411,USR000684,rate_check,mobile_sdk,Android,en,2025-07-13 20:03:00,SES209982,Google Ads,,
EVT00002412,USR000684,register,mobile_sdk,Android,en,2025-07-13 22:13:00,SES680583,Google Ads,,
EVT00002413,USR000684,otp_verify,mobile_sdk,Android,en,2025-07-14 00:58:00,SES417451,Google Ads,,
EVT00002414,USR000684,kyc_pan,mobile_sdk,Android,en,2025-07-14 01:48:00,SES929657,Google Ads,,
EVT00002415,USR000684,kyc_address,mobile_sdk,Android,en,2025-07-14 03:50:00,SES771559,Google Ads,,
EVT00002416,USR000684,vkyc_invite,mobile_sdk,Android,en,2025-07-14 06:01:00,SES901857,Google Ads,,
EVT00002417,USR000684,vkyc_session,mobile_sdk,Android,en,2025-07-14 07:23:00,SES583789,Google Ads,,
EVT00002418,USR000684,vkyc_complete,mobile_sdk,Android,en,2025-07-14 09:26:00,SES814847,Google Ads,,
EVT00002419,USR000684,bank_link,mobile_sdk,Android,en,2025-07-14 11:08:00,SES141584,Google Ads,,
EVT00002420,USR000684,fd_amount_select,mobile_sdk,Android,en,2025-07-14 13:52:00,SES933456,Google Ads,,
EVT00002421,USR000684,fd_tenure_select,mobile_sdk,Android,en,2025-07-14 15:19:00,SES678934,Google Ads,,
EVT00002422,USR000684,fd_review,mobile_sdk,Android,en,2025-07-14 18:11:00,SES300081,Google Ads,,
EVT00002423,USR000684,fd_book_success,mobile_sdk,Android,en,2025-07-14 19:47:00,SES534308,Google Ads,,
EVT00002424M,USR000685,landing,mobile_sdk,Android,ta,2026-03-19 00:47:00,SES517381,WhatsApp,1095,
EVT00002425M,USR000685,rate_check,mobile_sdk,iOS,ta,2026-03-19 00:30:00,SES907603,WhatsApp,,
EVT00002426M,USR000685,register,mobile_sdk,Android,ta,2026-03-19 00:28:00,SES819563,WhatsApp,,
EVT00002427M,USR000685,otp_verify,mobile_sdk,Android,ta,2026-03-19 00:15:00,SES310733,WhatsApp,,
EVT00002428M,USR000685,kyc_pan,mobile_sdk,Android,ta,2026-03-19 00:06:00,SES444923,WhatsApp,,
EVT00002429M,USR000685,kyc_address,mobile_sdk,Android,ta,2026-03-19 00:44:00,SES646008,WhatsApp,,
EVT00002430M,USR000689,landing,mobile_sdk,Android,hi,2025-05-01 08:52:00,SES686281,Google Ads,1657,
EVT00002431M,USR000689,rate_check,mobile_sdk,Android,hi,2025-05-01 07:57:00,SES439150,Google Ads,,
EVT00002432M,USR000690,landing,mobile_sdk,iOS,kn,2025-10-16 10:19:00,SES528189,Direct,1694,
EVT00002433M,USR000690,rate_check,mobile_sdk,Android,kn,2025-10-16 10:21:00,SES298809,Direct,,
EVT00002434M,USR000690,register,mobile_sdk,Android,kn,2025-10-16 10:06:00,SES302033,Direct,,
EVT00002435M,USR000690,otp_verify,mobile_sdk,Android,kn,2025-10-16 09:24:00,SES512222,Direct,,
EVT00002436M,USR000691,landing,mobile_sdk,Android,bn,2026-02-21 14:51:00,SES428253,Meta Ads,725,
EVT00002437M,USR000691,rate_check,mobile_sdk,Android,bn,2026-02-21 13:48:00,SES139400,Meta Ads,,
EVT00002438M,USR000691,register,mobile_sdk,Android,bn,2026-02-21 14:05:00,SES798585,Meta Ads,,
EVT00002439M,USR000691,otp_verify,mobile_sdk,Android,bn,2026-02-21 14:59:00,SES358884,Meta Ads,,
EVT00002440M,USR000691,kyc_pan,mobile_sdk,Android,bn,2026-02-21 15:00:00,SES988834,Meta Ads,,
EVT00002441M,USR000691,kyc_address,mobile_sdk,Android,bn,2026-02-21 13:55:00,SES204147,Meta Ads,,
EVT00002442M,USR000695,landing,mobile_sdk,Android,bn,2026-02-13 02:28:00,SES582394,Email,1377,
EVT00002443M,USR000695,rate_check,mobile_sdk,Android,bn,2026-02-13 02:30:00,SES958795,Email,,
EVT00002444M,USR000695,register,mobile_sdk,iOS,bn,2026-02-13 02:21:00,SES453685,Email,,
EVT00002445M,USR000698,landing,mobile_sdk,iOS,ta,2025-03-26 19:13:00,SES953616,Referral,615,
EVT00002446M,USR000698,rate_check,mobile_sdk,Android,ta,2025-03-26 19:02:00,SES383539,Referral,,
EVT00002447M,USR000698,register,mobile_sdk,Android,ta,2025-03-26 19:04:00,SES145327,Referral,,
EVT00002448M,USR000698,otp_verify,mobile_sdk,iOS,ta,2025-03-26 19:06:00,SES715993,Referral,,
EVT00002449M,USR000698,kyc_pan,mobile_sdk,iOS,ta,2025-03-26 19:30:00,SES143018,Referral,,
EVT00002450M,USR000698,kyc_address,mobile_sdk,Android,ta,2025-03-26 19:52:00,SES157507,Referral,,
EVT00002451,USR000699,landing,mobile_sdk,iOS,en,2025-01-08 05:09:00,SES405900,Referral,2911,
EVT00002452,USR000699,rate_check,mobile_sdk,iOS,en,2025-01-08 06:45:00,SES443257,Referral,,
EVT00002453,USR000699,register,mobile_sdk,iOS,en,2025-01-08 08:03:00,SES263045,Referral,,
EVT00002454,USR000699,otp_verify,mobile_sdk,iOS,en,2025-01-08 08:51:00,SES990790,Referral,,
EVT00002455,USR000699,kyc_pan,mobile_sdk,iOS,en,2025-01-08 10:31:00,SES647954,Referral,,
EVT00002456,USR000699,kyc_address,mobile_sdk,iOS,en,2025-01-08 11:57:00,SES484002,Referral,,
EVT00002457,USR000699,vkyc_invite,mobile_sdk,iOS,en,2025-01-08 13:13:00,SES426859,Referral,,
EVT00002458,USR000699,vkyc_session,mobile_sdk,iOS,en,2025-01-08 15:42:00,SES283927,Referral,,
EVT00002459,USR000699,vkyc_complete,mobile_sdk,iOS,en,2025-01-08 17:10:00,SES124176,Referral,,USER_ABANDONED
EVT00002460M,USR000701,landing,mobile_sdk,Android,gu,2025-07-16 09:20:00,SES718228,Organic search,1125,
EVT00002461M,USR000701,rate_check,mobile_sdk,Android,gu,2025-07-16 09:15:00,SES891051,Organic search,,
EVT00002462M,USR000701,register,mobile_sdk,iOS,gu,2025-07-16 08:56:00,SES454351,Organic search,,
EVT00002463M,USR000701,otp_verify,mobile_sdk,Android,gu,2025-07-16 09:14:00,SES589642,Organic search,,
EVT00002464M,USR000701,kyc_pan,mobile_sdk,iOS,gu,2025-07-16 09:26:00,SES590662,Organic search,,
EVT00002465M,USR000701,kyc_address,mobile_sdk,Android,gu,2025-07-16 09:15:00,SES911581,Organic search,,
EVT00002466,USR000702,landing,mobile_sdk,Android,gu,2026-01-06 18:18:00,SES473332,Meta Ads,2266,
EVT00002467,USR000702,rate_check,mobile_sdk,Android,gu,2026-01-06 20:09:00,SES473492,Meta Ads,,
EVT00002468,USR000702,register,mobile_sdk,Android,gu,2026-01-06 22:51:00,SES933575,Meta Ads,,
EVT00002469,USR000702,otp_verify,mobile_sdk,Android,gu,2026-01-07 01:31:00,SES715281,Meta Ads,,
EVT00002470,USR000702,kyc_pan,mobile_sdk,Android,gu,2026-01-07 03:00:00,SES808691,Meta Ads,,
EVT00002471,USR000702,kyc_address,mobile_sdk,Android,gu,2026-01-07 05:22:00,SES697671,Meta Ads,,
EVT00002472,USR000702,vkyc_invite,mobile_sdk,Android,gu,2026-01-07 08:05:00,SES129918,Meta Ads,,
EVT00002473,USR000702,vkyc_session,mobile_sdk,Android,gu,2026-01-07 10:11:00,SES889789,Meta Ads,,
EVT00002474,USR000702,vkyc_complete,mobile_sdk,Android,gu,2026-01-07 11:34:00,SES653147,Meta Ads,,
EVT00002475,USR000702,bank_link,mobile_sdk,Android,gu,2026-01-07 12:43:00,SES801852,Meta Ads,,
EVT00002476,USR000702,fd_amount_select,mobile_sdk,Android,gu,2026-01-07 15:41:00,SES773588,Meta Ads,,
EVT00002477,USR000702,fd_tenure_select,mobile_sdk,Android,gu,2026-01-07 16:14:00,SES694234,Meta Ads,,
EVT00002478,USR000702,fd_review,mobile_sdk,Android,gu,2026-01-07 17:06:00,SES528064,Meta Ads,,
EVT00002479,USR000702,fd_book_success,mobile_sdk,Android,gu,2026-01-07 18:51:00,SES220019,Meta Ads,,
EVT00002480,USR000703,landing,mobile_sdk,Android,bn,2025-09-18 16:07:00,SES432235,Meta Ads,1801,
EVT00002481,USR000703,rate_check,mobile_sdk,Android,bn,2025-09-18 17:36:00,SES909756,Meta Ads,,
EVT00002482,USR000703,register,mobile_sdk,Android,bn,2025-09-18 18:01:00,SES145474,Meta Ads,,
EVT00002483,USR000703,otp_verify,mobile_sdk,Android,bn,2025-09-18 19:18:00,SES945779,Meta Ads,,
EVT00002484,USR000703,kyc_pan,mobile_sdk,Android,bn,2025-09-18 21:38:00,SES228579,Meta Ads,,
EVT00002485,USR000703,kyc_address,mobile_sdk,Android,bn,2025-09-18 23:21:00,SES933859,Meta Ads,,
EVT00002486,USR000703,vkyc_invite,mobile_sdk,Android,bn,2025-09-19 00:59:00,SES209472,Meta Ads,,RATE_NOT_COMPETITIVE
EVT00002487M,USR000704,landing,mobile_sdk,iOS,bn,2025-12-15 05:12:00,SES864655,Referral,882,
EVT00002488M,USR000704,rate_check,mobile_sdk,Android,bn,2025-12-15 06:15:00,SES222553,Referral,,
EVT00002489M,USR000704,register,mobile_sdk,Android,bn,2025-12-15 06:02:00,SES373484,Referral,,
EVT00002490,USR000705,landing,mobile_sdk,Android,hi,2025-02-24 07:36:00,SES770042,Referral,463,
EVT00002491,USR000705,rate_check,mobile_sdk,Android,hi,2025-02-24 09:20:00,SES755347,Referral,,
EVT00002492,USR000705,register,mobile_sdk,Android,hi,2025-02-24 11:24:00,SES537739,Referral,,
EVT00002493,USR000705,otp_verify,mobile_sdk,Android,hi,2025-02-24 12:52:00,SES378568,Referral,,
EVT00002494,USR000705,kyc_pan,mobile_sdk,Android,hi,2025-02-24 13:31:00,SES995871,Referral,,
EVT00002495,USR000705,kyc_address,mobile_sdk,Android,hi,2025-02-24 15:53:00,SES925478,Referral,,
EVT00002496,USR000705,vkyc_invite,mobile_sdk,Android,hi,2025-02-24 16:11:00,SES734007,Referral,,
EVT00002497,USR000705,vkyc_session,mobile_sdk,Android,hi,2025-02-24 17:28:00,SES844821,Referral,,
EVT00002498,USR000705,vkyc_complete,mobile_sdk,Android,hi,2025-02-24 19:57:00,SES869929,Referral,,USER_ABANDONED
EVT00002499M,USR000707,landing,mobile_sdk,Android,en,2025-11-24 06:50:00,SES409515,Influencer-IG,1601,
EVT00002500M,USR000707,rate_check,mobile_sdk,Android,en,2025-11-24 06:23:00,SES333146,Influencer-IG,,
EVT00002501M,USR000707,register,mobile_sdk,Android,en,2025-11-24 06:29:00,SES564768,Influencer-IG,,
EVT00002502M,USR000708,landing,mobile_sdk,Android,kn,2025-07-04 16:03:00,SES643197,Google Ads,1254,
EVT00002503M,USR000708,rate_check,mobile_sdk,Android,kn,2025-07-04 15:57:00,SES238580,Google Ads,,
EVT00002504M,USR000709,landing,mobile_sdk,iOS,bn,2026-02-11 06:04:00,SES409594,Referral,938,
EVT00002505M,USR000709,rate_check,mobile_sdk,Android,bn,2026-02-11 06:40:00,SES816064,Referral,,
EVT00002506M,USR000709,register,mobile_sdk,Android,bn,2026-02-11 06:10:00,SES565947,Referral,,
EVT00002507M,USR000709,otp_verify,mobile_sdk,iOS,bn,2026-02-11 06:22:00,SES294299,Referral,,
EVT00002508M,USR000709,kyc_pan,mobile_sdk,iOS,bn,2026-02-11 06:36:00,SES454012,Referral,,
EVT00002509M,USR000709,kyc_address,mobile_sdk,Android,bn,2026-02-11 06:11:00,SES578421,Referral,,
EVT00002510,USR000710,landing,mobile_sdk,iOS,bn,2025-01-11 19:48:00,SES645470,Meta Ads,2714,
EVT00002511,USR000710,rate_check,mobile_sdk,iOS,bn,2025-01-11 22:35:00,SES781684,Meta Ads,,
EVT00002512,USR000710,register,mobile_sdk,iOS,bn,2025-01-11 23:25:00,SES273925,Meta Ads,,
EVT00002513,USR000710,otp_verify,mobile_sdk,iOS,bn,2025-01-12 00:51:00,SES989932,Meta Ads,,
EVT00002514,USR000710,kyc_pan,mobile_sdk,iOS,bn,2025-01-12 01:48:00,SES452999,Meta Ads,,USER_ABANDONED
EVT00002515,USR000712,landing,mobile_sdk,Web-Mobile,en,2025-07-26 14:29:00,SES330399,Referral,2133,
EVT00002516,USR000712,rate_check,mobile_sdk,Web-Mobile,en,2025-07-26 15:56:00,SES653499,Referral,,
EVT00002517,USR000712,register,mobile_sdk,Web-Mobile,en,2025-07-26 18:52:00,SES846840,Referral,,
EVT00002518,USR000712,otp_verify,mobile_sdk,Web-Mobile,en,2025-07-26 20:18:00,SES247203,Referral,,
EVT00002519,USR000712,kyc_pan,mobile_sdk,Web-Mobile,en,2025-07-26 20:40:00,SES990537,Referral,,
EVT00002520,USR000712,kyc_address,mobile_sdk,Web-Mobile,en,2025-07-26 23:21:00,SES800201,Referral,,
EVT00002521,USR000712,vkyc_invite,mobile_sdk,Web-Mobile,en,2025-07-26 23:33:00,SES135179,Referral,,
EVT00002522,USR000712,vkyc_session,mobile_sdk,Web-Mobile,en,2025-07-26 23:37:00,SES764687,Referral,,VKYC_AGENT_BUSY
EVT00002523,USR000713,landing,mobile_sdk,iOS,hi,2025-04-25 17:13:00,SES296862,Referral,1106,
EVT00002524,USR000713,rate_check,mobile_sdk,iOS,hi,2025-04-25 19:33:00,SES601823,Referral,,
EVT00002525,USR000713,register,mobile_sdk,iOS,hi,2025-04-25 21:55:00,SES416366,Referral,,
EVT00002526,USR000713,otp_verify,mobile_sdk,iOS,hi,2025-04-25 22:49:00,SES476346,Referral,,
EVT00002527,USR000713,kyc_pan,mobile_sdk,iOS,hi,2025-04-25 23:03:00,SES231358,Referral,,
EVT00002528,USR000713,kyc_address,mobile_sdk,iOS,hi,2025-04-26 01:53:00,SES862916,Referral,,
EVT00002529,USR000713,vkyc_invite,mobile_sdk,iOS,hi,2025-04-26 04:13:00,SES307897,Referral,,
EVT00002530,USR000713,vkyc_session,mobile_sdk,iOS,hi,2025-04-26 06:00:00,SES693320,Referral,,
EVT00002531,USR000713,vkyc_complete,mobile_sdk,iOS,hi,2025-04-26 06:49:00,SES526873,Referral,,
EVT00002532,USR000713,bank_link,mobile_sdk,iOS,hi,2025-04-26 08:59:00,SES493483,Referral,,
EVT00002533,USR000713,fd_amount_select,mobile_sdk,iOS,hi,2025-04-26 10:17:00,SES746271,Referral,,
EVT00002534,USR000713,fd_tenure_select,mobile_sdk,iOS,hi,2025-04-26 12:45:00,SES602930,Referral,,
EVT00002535,USR000713,fd_review,mobile_sdk,iOS,hi,2025-04-26 14:08:00,SES993401,Referral,,
EVT00002536,USR000713,fd_book_success,mobile_sdk,iOS,hi,2025-04-26 15:05:00,SES844216,Referral,,
EVT00002537,USR000714,landing,mobile_sdk,Android,hi,2025-05-30 14:21:00,SES861005,Google Ads,1493,
EVT00002538,USR000714,rate_check,mobile_sdk,Android,hi,2025-05-30 15:03:00,SES725447,Google Ads,,
EVT00002539,USR000714,register,mobile_sdk,Android,hi,2025-05-30 17:11:00,SES299113,Google Ads,,
EVT00002540,USR000714,otp_verify,mobile_sdk,Android,hi,2025-05-30 18:32:00,SES709790,Google Ads,,
EVT00002541,USR000714,kyc_pan,mobile_sdk,Android,hi,2025-05-30 19:12:00,SES667934,Google Ads,,
EVT00002542,USR000714,kyc_address,mobile_sdk,Android,hi,2025-05-30 21:21:00,SES778766,Google Ads,,
EVT00002543,USR000714,vkyc_invite,mobile_sdk,Android,hi,2025-05-31 00:10:00,SES513029,Google Ads,,TIMEOUT
EVT00002544,USR000715,landing,mobile_sdk,Web-Mobile,kn,2025-10-13 06:03:00,SES953046,Direct,1406,
EVT00002545,USR000715,rate_check,mobile_sdk,Web-Mobile,kn,2025-10-13 08:15:00,SES949831,Direct,,
EVT00002546,USR000717,landing,mobile_sdk,Web-Mobile,hi,2025-05-09 11:51:00,SES701745,Influencer-YT,646,
EVT00002547,USR000717,rate_check,mobile_sdk,Web-Mobile,hi,2025-05-09 14:44:00,SES808267,Influencer-YT,,
EVT00002548,USR000718,landing,mobile_sdk,Android,en,2025-12-09 01:45:00,SES383394,Google Ads,2203,
EVT00002549,USR000718,rate_check,mobile_sdk,Android,en,2025-12-09 02:10:00,SES290315,Google Ads,,
EVT00002550,USR000718,register,mobile_sdk,Android,en,2025-12-09 03:59:00,SES605915,Google Ads,,
EVT00002551,USR000718,otp_verify,mobile_sdk,Android,en,2025-12-09 06:46:00,SES853871,Google Ads,,
EVT00002552,USR000718,kyc_pan,mobile_sdk,Android,en,2025-12-09 09:19:00,SES118413,Google Ads,,
EVT00002553,USR000718,kyc_address,mobile_sdk,Android,en,2025-12-09 10:17:00,SES465352,Google Ads,,
EVT00002554,USR000718,vkyc_invite,mobile_sdk,Android,en,2025-12-09 12:29:00,SES360330,Google Ads,,
EVT00002555,USR000718,vkyc_session,mobile_sdk,Android,en,2025-12-09 14:03:00,SES533302,Google Ads,,RATE_NOT_COMPETITIVE
EVT00002556,USR000720,landing,mobile_sdk,Android,hi,2026-01-13 23:38:00,SES205824,Referral,3487,
EVT00002557,USR000720,rate_check,mobile_sdk,Android,hi,2026-01-14 02:11:00,SES334593,Referral,,
EVT00002558,USR000720,register,mobile_sdk,Android,hi,2026-01-14 03:06:00,SES890144,Referral,,
EVT00002559,USR000720,otp_verify,mobile_sdk,Android,hi,2026-01-14 05:53:00,SES789788,Referral,,
EVT00002560,USR000720,kyc_pan,mobile_sdk,Android,hi,2026-01-14 06:06:00,SES644470,Referral,,
EVT00002561,USR000720,kyc_address,mobile_sdk,Android,hi,2026-01-14 06:28:00,SES897488,Referral,,
EVT00002562,USR000720,vkyc_invite,mobile_sdk,Android,hi,2026-01-14 09:28:00,SES509769,Referral,,
EVT00002563,USR000720,vkyc_session,mobile_sdk,Android,hi,2026-01-14 11:40:00,SES542299,Referral,,
EVT00002564,USR000720,vkyc_complete,mobile_sdk,Android,hi,2026-01-14 12:48:00,SES966113,Referral,,
EVT00002565,USR000720,bank_link,mobile_sdk,Android,hi,2026-01-14 14:43:00,SES649634,Referral,,
EVT00002566,USR000720,fd_amount_select,mobile_sdk,Android,hi,2026-01-14 16:58:00,SES572279,Referral,,
EVT00002567,USR000720,fd_tenure_select,mobile_sdk,Android,hi,2026-01-14 16:59:00,SES579736,Referral,,
EVT00002568,USR000720,fd_review,mobile_sdk,Android,hi,2026-01-14 17:22:00,SES201847,Referral,,
EVT00002569,USR000720,fd_book_success,mobile_sdk,Android,hi,2026-01-14 18:27:00,SES363210,Referral,,
EVT00002570M,USR000721,landing,mobile_sdk,Android,hi,2025-03-21 03:44:00,SES855059,Influencer-IG,2460,
EVT00002571M,USR000721,rate_check,mobile_sdk,Android,hi,2025-03-21 04:29:00,SES958131,Influencer-IG,,
EVT00002572,USR000722,landing,mobile_sdk,Web-Desktop,hi,2026-01-07 11:28:00,SES167724,Meta Ads,2567,
EVT00002573,USR000722,rate_check,mobile_sdk,Web-Desktop,hi,2026-01-07 13:58:00,SES711388,Meta Ads,,VKYC_AGENT_BUSY
EVT00002574M,USR000723,landing,mobile_sdk,Android,en,2026-02-20 23:26:00,SES248751,Google Ads,1938,
EVT00002575M,USR000723,rate_check,mobile_sdk,Android,en,2026-02-20 23:53:00,SES275976,Google Ads,,
EVT00002576M,USR000723,register,mobile_sdk,Android,en,2026-02-21 00:23:00,SES993576,Google Ads,,
EVT00002577M,USR000723,otp_verify,mobile_sdk,Android,en,2026-02-21 00:20:00,SES915023,Google Ads,,
EVT00002578M,USR000723,kyc_pan,mobile_sdk,Android,en,2026-02-21 00:39:00,SES686770,Google Ads,,
EVT00002579M,USR000724,landing,mobile_sdk,iOS,hi,2026-02-20 09:45:00,SES288151,Meta Ads,1165,
EVT00002580M,USR000724,rate_check,mobile_sdk,iOS,hi,2026-02-20 08:38:00,SES258016,Meta Ads,,
EVT00002581M,USR000724,register,mobile_sdk,Android,hi,2026-02-20 09:08:00,SES786581,Meta Ads,,
EVT00002582M,USR000724,otp_verify,mobile_sdk,Android,hi,2026-02-20 09:44:00,SES287375,Meta Ads,,
EVT00002583M,USR000724,kyc_pan,mobile_sdk,Android,hi,2026-02-20 08:52:00,SES451217,Meta Ads,,
EVT00002584M,USR000727,landing,mobile_sdk,Android,en,2025-03-22 18:42:00,SES452414,WhatsApp,1002,
EVT00002585M,USR000727,rate_check,mobile_sdk,Android,en,2025-03-22 17:28:00,SES509720,WhatsApp,,
EVT00002586M,USR000727,register,mobile_sdk,Android,en,2025-03-22 18:41:00,SES318675,WhatsApp,,
EVT00002587M,USR000728,landing,mobile_sdk,Android,hi,2026-04-24 23:41:00,SES508768,Email,1025,
EVT00002588M,USR000728,rate_check,mobile_sdk,Android,hi,2026-04-24 23:19:00,SES840327,Email,,
EVT00002589M,USR000728,register,mobile_sdk,Android,hi,2026-04-24 23:07:00,SES749081,Email,,
EVT00002590M,USR000729,landing,mobile_sdk,iOS,ta,2025-08-01 19:50:00,SES698456,Referral,2368,
EVT00002591M,USR000729,rate_check,mobile_sdk,Android,ta,2025-08-01 18:37:00,SES663200,Referral,,
EVT00002592M,USR000729,register,mobile_sdk,Android,ta,2025-08-01 19:01:00,SES148183,Referral,,
EVT00002593M,USR000729,otp_verify,mobile_sdk,Android,ta,2025-08-01 18:45:00,SES310642,Referral,,
EVT00002594M,USR000729,kyc_pan,mobile_sdk,iOS,ta,2025-08-01 19:31:00,SES696510,Referral,,
EVT00002595M,USR000729,kyc_address,mobile_sdk,iOS,ta,2025-08-01 19:01:00,SES760395,Referral,,
EVT00002596M,USR000730,landing,mobile_sdk,iOS,en,2026-04-28 17:24:00,SES688215,Direct,1038,
EVT00002597M,USR000731,landing,mobile_sdk,iOS,kn,2026-01-11 05:57:00,SES883478,Google Ads,933,
EVT00002598M,USR000731,rate_check,mobile_sdk,Android,kn,2026-01-11 05:53:00,SES854361,Google Ads,,
EVT00002599M,USR000731,register,mobile_sdk,Android,kn,2026-01-11 05:38:00,SES534161,Google Ads,,
EVT00002600,USR000732,landing,mobile_sdk,Android,te,2025-08-08 23:48:00,SES191469,Influencer-YT,2922,
EVT00002601,USR000732,rate_check,mobile_sdk,Android,te,2025-08-09 02:06:00,SES212919,Influencer-YT,,
EVT00002602,USR000732,register,mobile_sdk,Android,te,2025-08-09 04:52:00,SES178396,Influencer-YT,,USER_ABANDONED
EVT00002603M,USR000733,landing,mobile_sdk,iOS,hi,2025-10-03 17:28:00,SES614254,Email,2186,
EVT00002604M,USR000733,rate_check,mobile_sdk,iOS,hi,2025-10-03 18:03:00,SES648010,Email,,
EVT00002605M,USR000733,register,mobile_sdk,Android,hi,2025-10-03 17:46:00,SES254336,Email,,
EVT00002606M,USR000735,landing,mobile_sdk,Android,en,2025-05-11 06:41:00,SES379672,Meta Ads,1349,
EVT00002607,USR000736,landing,mobile_sdk,Android,en,2025-03-22 17:25:00,SES675596,Influencer-YT,1256,
EVT00002608,USR000736,rate_check,mobile_sdk,Android,en,2025-03-22 19:33:00,SES145432,Influencer-YT,,RATE_NOT_COMPETITIVE
EVT00002609,USR000738,landing,mobile_sdk,Android,ta,2025-05-08 23:37:00,SES535181,Referral,538,
EVT00002610,USR000738,rate_check,mobile_sdk,Android,ta,2025-05-09 01:27:00,SES764528,Referral,,
EVT00002611,USR000738,register,mobile_sdk,Android,ta,2025-05-09 04:27:00,SES296052,Referral,,
EVT00002612,USR000738,otp_verify,mobile_sdk,Android,ta,2025-05-09 06:14:00,SES231425,Referral,,
EVT00002613,USR000738,kyc_pan,mobile_sdk,Android,ta,2025-05-09 06:20:00,SES416027,Referral,,
EVT00002614,USR000738,kyc_address,mobile_sdk,Android,ta,2025-05-09 08:51:00,SES616328,Referral,,
EVT00002615,USR000738,vkyc_invite,mobile_sdk,Android,ta,2025-05-09 11:11:00,SES758919,Referral,,
EVT00002616M,USR000739,landing,mobile_sdk,Android,en,2026-04-12 15:37:00,SES721078,Influencer-YT,853,
EVT00002617M,USR000739,rate_check,mobile_sdk,Android,en,2026-04-12 16:07:00,SES221430,Influencer-YT,,
EVT00002618M,USR000739,register,mobile_sdk,Android,en,2026-04-12 16:29:00,SES979801,Influencer-YT,,
EVT00002619M,USR000739,otp_verify,mobile_sdk,Android,en,2026-04-12 15:33:00,SES259371,Influencer-YT,,
EVT00002620M,USR000739,kyc_pan,mobile_sdk,Android,en,2026-04-12 16:22:00,SES144098,Influencer-YT,,
EVT00002621M,USR000739,kyc_address,mobile_sdk,iOS,en,2026-04-12 16:11:00,SES964242,Influencer-YT,,
EVT00002622,USR000740,landing,mobile_sdk,Android,kn,2025-06-09 00:07:00,SES491530,Influencer-YT,356,
EVT00002623,USR000740,rate_check,mobile_sdk,Android,kn,2025-06-09 02:52:00,SES774825,Influencer-YT,,
EVT00002624,USR000740,register,mobile_sdk,Android,kn,2025-06-09 04:18:00,SES790150,Influencer-YT,,
EVT00002625,USR000740,otp_verify,mobile_sdk,Android,kn,2025-06-09 06:20:00,SES884489,Influencer-YT,,
EVT00002626,USR000740,kyc_pan,mobile_sdk,Android,kn,2025-06-09 07:27:00,SES231872,Influencer-YT,,
EVT00002627,USR000740,kyc_address,mobile_sdk,Android,kn,2025-06-09 08:40:00,SES602653,Influencer-YT,,
EVT00002628,USR000740,vkyc_invite,mobile_sdk,Android,kn,2025-06-09 08:46:00,SES649158,Influencer-YT,,
EVT00002629,USR000740,vkyc_session,mobile_sdk,Android,kn,2025-06-09 11:10:00,SES669410,Influencer-YT,,
EVT00002630,USR000740,vkyc_complete,mobile_sdk,Android,kn,2025-06-09 12:35:00,SES233041,Influencer-YT,,
EVT00002631,USR000740,bank_link,mobile_sdk,Android,kn,2025-06-09 13:17:00,SES273438,Influencer-YT,,
EVT00002632,USR000740,fd_amount_select,mobile_sdk,Android,kn,2025-06-09 15:31:00,SES366677,Influencer-YT,,
EVT00002633,USR000740,fd_tenure_select,mobile_sdk,Android,kn,2025-06-09 16:31:00,SES341935,Influencer-YT,,
EVT00002634,USR000740,fd_review,mobile_sdk,Android,kn,2025-06-09 17:54:00,SES678815,Influencer-YT,,
EVT00002635,USR000740,fd_book_success,mobile_sdk,Android,kn,2025-06-09 18:39:00,SES816521,Influencer-YT,,
EVT00002636,USR000743,landing,mobile_sdk,Android,mr,2025-11-08 05:28:00,SES979990,Organic search,1325,
EVT00002637,USR000743,rate_check,mobile_sdk,Android,mr,2025-11-08 06:46:00,SES713312,Organic search,,
EVT00002638,USR000743,register,mobile_sdk,Android,mr,2025-11-08 09:32:00,SES839504,Organic search,,
EVT00002639,USR000743,otp_verify,mobile_sdk,Android,mr,2025-11-08 10:11:00,SES981465,Organic search,,
EVT00002640,USR000743,kyc_pan,mobile_sdk,Android,mr,2025-11-08 11:40:00,SES796589,Organic search,,
EVT00002641,USR000743,kyc_address,mobile_sdk,Android,mr,2025-11-08 12:54:00,SES782591,Organic search,,
EVT00002642,USR000743,vkyc_invite,mobile_sdk,Android,mr,2025-11-08 14:10:00,SES858539,Organic search,,
EVT00002643,USR000743,vkyc_session,mobile_sdk,Android,mr,2025-11-08 15:10:00,SES159197,Organic search,,
EVT00002644,USR000743,vkyc_complete,mobile_sdk,Android,mr,2025-11-08 15:15:00,SES327530,Organic search,,
EVT00002645,USR000743,bank_link,mobile_sdk,Android,mr,2025-11-08 15:27:00,SES798744,Organic search,,
EVT00002646,USR000743,fd_amount_select,mobile_sdk,Android,mr,2025-11-08 18:27:00,SES455377,Organic search,,
EVT00002647,USR000743,fd_tenure_select,mobile_sdk,Android,mr,2025-11-08 18:48:00,SES625212,Organic search,,
EVT00002648,USR000743,fd_review,mobile_sdk,Android,mr,2025-11-08 21:38:00,SES638459,Organic search,,
EVT00002649,USR000743,fd_book_success,mobile_sdk,Android,mr,2025-11-08 22:39:00,SES459859,Organic search,,
EVT00002650,USR000744,landing,mobile_sdk,iOS,hi,2025-09-14 18:35:00,SES259382,Influencer-YT,1657,
EVT00002651,USR000744,rate_check,mobile_sdk,iOS,hi,2025-09-14 20:53:00,SES795807,Influencer-YT,,VKYC_AGENT_BUSY
EVT00002652M,USR000745,landing,mobile_sdk,Android,en,2025-01-23 15:13:00,SES284725,Referral,958,
EVT00002653M,USR000745,rate_check,mobile_sdk,iOS,en,2025-01-23 15:31:00,SES997696,Referral,,
EVT00002654M,USR000745,register,mobile_sdk,iOS,en,2025-01-23 15:34:00,SES457582,Referral,,
EVT00002655M,USR000745,otp_verify,mobile_sdk,iOS,en,2025-01-23 14:50:00,SES243414,Referral,,
EVT00002656M,USR000746,landing,mobile_sdk,iOS,hi,2025-10-13 21:29:00,SES926502,Influencer-IG,429,
EVT00002657M,USR000746,rate_check,mobile_sdk,Android,hi,2025-10-13 21:55:00,SES162817,Influencer-IG,,
EVT00002658M,USR000748,landing,mobile_sdk,Android,en,2025-11-25 13:03:00,SES134504,Influencer-YT,671,
EVT00002659M,USR000748,rate_check,mobile_sdk,Android,en,2025-11-25 12:06:00,SES843172,Influencer-YT,,
EVT00002660M,USR000748,register,mobile_sdk,Android,en,2025-11-25 12:50:00,SES339042,Influencer-YT,,
EVT00002661M,USR000748,otp_verify,mobile_sdk,Android,en,2025-11-25 13:02:00,SES252443,Influencer-YT,,
EVT00002662M,USR000748,kyc_pan,mobile_sdk,Android,en,2025-11-25 12:15:00,SES803568,Influencer-YT,,
EVT00002663M,USR000748,kyc_address,mobile_sdk,Android,en,2025-11-25 12:43:00,SES776402,Influencer-YT,,
EVT00002664M,USR000749,landing,mobile_sdk,iOS,hi,2025-09-26 16:28:00,SES587907,Meta Ads,142,
EVT00002665M,USR000749,rate_check,mobile_sdk,iOS,hi,2025-09-26 16:27:00,SES297909,Meta Ads,,
EVT00002666M,USR000749,register,mobile_sdk,Android,hi,2025-09-26 16:11:00,SES329761,Meta Ads,,
EVT00002667M,USR000749,otp_verify,mobile_sdk,Android,hi,2025-09-26 16:16:00,SES479234,Meta Ads,,
EVT00002668M,USR000749,kyc_pan,mobile_sdk,iOS,hi,2025-09-26 16:53:00,SES970051,Meta Ads,,
EVT00002669,USR000750,landing,mobile_sdk,Android,hi,2026-02-04 20:01:00,SES406940,WhatsApp,1372,
EVT00002670,USR000750,rate_check,mobile_sdk,Android,hi,2026-02-04 22:54:00,SES616399,WhatsApp,,
EVT00002671,USR000750,register,mobile_sdk,Android,hi,2026-02-04 23:47:00,SES216804,WhatsApp,,
EVT00002672,USR000750,otp_verify,mobile_sdk,Android,hi,2026-02-05 02:29:00,SES111868,WhatsApp,,
EVT00002673,USR000750,kyc_pan,mobile_sdk,Android,hi,2026-02-05 02:35:00,SES338337,WhatsApp,,
EVT00002674,USR000750,kyc_address,mobile_sdk,Android,hi,2026-02-05 02:48:00,SES671435,WhatsApp,,
EVT00002675,USR000750,vkyc_invite,mobile_sdk,Android,hi,2026-02-05 05:44:00,SES934913,WhatsApp,,RATE_NOT_COMPETITIVE
EVT00002676,USR000752,landing,mobile_sdk,Android,kn,2025-01-23 01:27:00,SES590936,Google Ads,2381,
EVT00002677,USR000752,rate_check,mobile_sdk,Android,kn,2025-01-23 02:11:00,SES175345,Google Ads,,
EVT00002678,USR000752,register,mobile_sdk,Android,kn,2025-01-23 03:07:00,SES364608,Google Ads,,
EVT00002679,USR000752,otp_verify,mobile_sdk,Android,kn,2025-01-23 04:21:00,SES345657,Google Ads,,
EVT00002680,USR000752,kyc_pan,mobile_sdk,Android,kn,2025-01-23 05:47:00,SES323634,Google Ads,,
EVT00002681,USR000752,kyc_address,mobile_sdk,Android,kn,2025-01-23 06:54:00,SES889299,Google Ads,,
EVT00002682,USR000752,vkyc_invite,mobile_sdk,Android,kn,2025-01-23 08:57:00,SES453007,Google Ads,,
EVT00002683,USR000752,vkyc_session,mobile_sdk,Android,kn,2025-01-23 09:03:00,SES931285,Google Ads,,
EVT00002684,USR000752,vkyc_complete,mobile_sdk,Android,kn,2025-01-23 10:02:00,SES681544,Google Ads,,
EVT00002685,USR000752,bank_link,mobile_sdk,Android,kn,2025-01-23 12:45:00,SES659197,Google Ads,,
EVT00002686,USR000752,fd_amount_select,mobile_sdk,Android,kn,2025-01-23 14:26:00,SES184078,Google Ads,,
EVT00002687,USR000752,fd_tenure_select,mobile_sdk,Android,kn,2025-01-23 16:24:00,SES784660,Google Ads,,
EVT00002688,USR000752,fd_review,mobile_sdk,Android,kn,2025-01-23 17:48:00,SES817363,Google Ads,,
EVT00002689,USR000752,fd_book_success,mobile_sdk,Android,kn,2025-01-23 17:56:00,SES614412,Google Ads,,
EVT00002690,USR000754,landing,mobile_sdk,Android,en,2025-01-23 19:47:00,SES325136,Influencer-YT,3296,
EVT00002691,USR000754,rate_check,mobile_sdk,Android,en,2025-01-23 22:07:00,SES565468,Influencer-YT,,USER_ABANDONED
EVT00002692,USR000756,landing,mobile_sdk,Android,hi,2025-07-03 06:36:00,SES600081,Meta Ads,3024,
EVT00002693,USR000756,rate_check,mobile_sdk,Android,hi,2025-07-03 07:17:00,SES498200,Meta Ads,,
EVT00002694,USR000756,register,mobile_sdk,Android,hi,2025-07-03 09:38:00,SES439448,Meta Ads,,
EVT00002695,USR000756,otp_verify,mobile_sdk,Android,hi,2025-07-03 10:46:00,SES484519,Meta Ads,,
EVT00002696,USR000756,kyc_pan,mobile_sdk,Android,hi,2025-07-03 10:59:00,SES273536,Meta Ads,,
EVT00002697,USR000756,kyc_address,mobile_sdk,Android,hi,2025-07-03 12:03:00,SES226549,Meta Ads,,USER_ABANDONED
EVT00002698M,USR000759,landing,mobile_sdk,Android,gu,2025-07-27 09:39:00,SES685409,Direct,351,
EVT00002699M,USR000759,rate_check,mobile_sdk,Android,gu,2025-07-27 09:13:00,SES251018,Direct,,
EVT00002700M,USR000759,register,mobile_sdk,iOS,gu,2025-07-27 10:03:00,SES297656,Direct,,
EVT00002701M,USR000759,otp_verify,mobile_sdk,Android,gu,2025-07-27 09:35:00,SES243258,Direct,,
EVT00002702M,USR000759,kyc_pan,mobile_sdk,iOS,gu,2025-07-27 09:27:00,SES769885,Direct,,
EVT00002703M,USR000759,kyc_address,mobile_sdk,Android,gu,2025-07-27 09:56:00,SES894208,Direct,,
EVT00002704,USR000761,landing,mobile_sdk,Android,kn,2025-09-15 00:59:00,SES598127,Influencer-IG,3004,
EVT00002705,USR000761,rate_check,mobile_sdk,Android,kn,2025-09-15 02:46:00,SES402484,Influencer-IG,,
EVT00002706,USR000761,register,mobile_sdk,Android,kn,2025-09-15 03:38:00,SES491924,Influencer-IG,,
EVT00002707,USR000761,otp_verify,mobile_sdk,Android,kn,2025-09-15 04:38:00,SES619521,Influencer-IG,,
EVT00002708,USR000761,kyc_pan,mobile_sdk,Android,kn,2025-09-15 05:04:00,SES406199,Influencer-IG,,
EVT00002709,USR000761,kyc_address,mobile_sdk,Android,kn,2025-09-15 05:18:00,SES623288,Influencer-IG,,USER_ABANDONED
EVT00002710M,USR000764,landing,mobile_sdk,iOS,en,2025-01-07 12:07:00,SES819384,Referral,953,
EVT00002711M,USR000764,rate_check,mobile_sdk,Android,en,2025-01-07 12:58:00,SES821572,Referral,,
EVT00002712M,USR000764,register,mobile_sdk,iOS,en,2025-01-07 12:40:00,SES728548,Referral,,
EVT00002713M,USR000764,otp_verify,mobile_sdk,Android,en,2025-01-07 12:26:00,SES845247,Referral,,
EVT00002714M,USR000764,kyc_pan,mobile_sdk,iOS,en,2025-01-07 12:23:00,SES271784,Referral,,
EVT00002715M,USR000764,kyc_address,mobile_sdk,Android,en,2025-01-07 12:21:00,SES839202,Referral,,
EVT00002716,USR000766,landing,mobile_sdk,Web-Mobile,kn,2025-07-07 14:59:00,SES556334,Referral,743,
EVT00002717,USR000766,rate_check,mobile_sdk,Web-Mobile,kn,2025-07-07 15:38:00,SES930586,Referral,,
EVT00002718,USR000766,register,mobile_sdk,Web-Mobile,kn,2025-07-07 16:41:00,SES703573,Referral,,
EVT00002719,USR000766,otp_verify,mobile_sdk,Web-Mobile,kn,2025-07-07 16:54:00,SES889873,Referral,,
EVT00002720,USR000766,kyc_pan,mobile_sdk,Web-Mobile,kn,2025-07-07 17:04:00,SES140490,Referral,,
EVT00002721,USR000766,kyc_address,mobile_sdk,Web-Mobile,kn,2025-07-07 19:35:00,SES656420,Referral,,
EVT00002722,USR000766,vkyc_invite,mobile_sdk,Web-Mobile,kn,2025-07-07 20:20:00,SES317888,Referral,,
EVT00002723,USR000766,vkyc_session,mobile_sdk,Web-Mobile,kn,2025-07-07 23:04:00,SES908836,Referral,,
EVT00002724,USR000766,vkyc_complete,mobile_sdk,Web-Mobile,kn,2025-07-08 01:27:00,SES710055,Referral,,
EVT00002725,USR000766,bank_link,mobile_sdk,Web-Mobile,kn,2025-07-08 03:29:00,SES624408,Referral,,
EVT00002726,USR000766,fd_amount_select,mobile_sdk,Web-Mobile,kn,2025-07-08 04:22:00,SES796589,Referral,,
EVT00002727,USR000766,fd_tenure_select,mobile_sdk,Web-Mobile,kn,2025-07-08 06:10:00,SES331736,Referral,,
EVT00002728,USR000766,fd_review,mobile_sdk,Web-Mobile,kn,2025-07-08 06:30:00,SES213712,Referral,,
EVT00002729,USR000766,fd_book_success,mobile_sdk,Web-Mobile,kn,2025-07-08 08:27:00,SES681039,Referral,,
EVT00002730,USR000768,landing,mobile_sdk,Android,mr,2025-12-26 22:00:00,SES739153,Influencer-IG,346,
EVT00002731,USR000768,rate_check,mobile_sdk,Android,mr,2025-12-27 00:27:00,SES239191,Influencer-IG,,
EVT00002732,USR000768,register,mobile_sdk,Android,mr,2025-12-27 02:46:00,SES501900,Influencer-IG,,
EVT00002733,USR000768,otp_verify,mobile_sdk,Android,mr,2025-12-27 04:36:00,SES867934,Influencer-IG,,
EVT00002734,USR000768,kyc_pan,mobile_sdk,Android,mr,2025-12-27 06:32:00,SES967942,Influencer-IG,,
EVT00002735,USR000768,kyc_address,mobile_sdk,Android,mr,2025-12-27 09:12:00,SES493388,Influencer-IG,,
EVT00002736,USR000768,vkyc_invite,mobile_sdk,Android,mr,2025-12-27 10:48:00,SES234307,Influencer-IG,,
EVT00002737,USR000768,vkyc_session,mobile_sdk,Android,mr,2025-12-27 12:32:00,SES112028,Influencer-IG,,DOC_REJECTED
EVT00002738,USR000769,landing,mobile_sdk,Android,bn,2025-09-16 23:35:00,SES111720,Influencer-YT,1231,USER_ABANDONED
EVT00002739M,USR000770,landing,mobile_sdk,iOS,hi,2025-07-05 13:25:00,SES932396,Direct,2348,
EVT00002740M,USR000770,rate_check,mobile_sdk,iOS,hi,2025-07-05 12:45:00,SES773354,Direct,,
EVT00002741M,USR000770,register,mobile_sdk,iOS,hi,2025-07-05 12:46:00,SES606847,Direct,,
EVT00002742M,USR000770,otp_verify,mobile_sdk,Android,hi,2025-07-05 13:59:00,SES861611,Direct,,
EVT00002743M,USR000770,kyc_pan,mobile_sdk,Android,hi,2025-07-05 14:12:00,SES641578,Direct,,
EVT00002744,USR000771,landing,mobile_sdk,Android,en,2026-03-31 09:47:00,SES547104,Meta Ads,1248,USER_ABANDONED
EVT00002745M,USR000773,landing,mobile_sdk,Android,ta,2025-10-12 02:04:00,SES655668,Email,943,
EVT00002746M,USR000774,landing,mobile_sdk,Android,kn,2025-05-05 12:26:00,SES261848,Influencer-YT,316,
EVT00002747M,USR000774,rate_check,mobile_sdk,Android,kn,2025-05-05 12:02:00,SES989288,Influencer-YT,,
EVT00002748M,USR000774,register,mobile_sdk,Android,kn,2025-05-05 13:13:00,SES248557,Influencer-YT,,
EVT00002749M,USR000774,otp_verify,mobile_sdk,Android,kn,2025-05-05 12:37:00,SES722934,Influencer-YT,,
EVT00002750M,USR000774,kyc_pan,mobile_sdk,Android,kn,2025-05-05 12:45:00,SES733541,Influencer-YT,,
EVT00002751M,USR000774,kyc_address,mobile_sdk,iOS,kn,2025-05-05 11:54:00,SES529694,Influencer-YT,,
EVT00002752,USR000775,landing,mobile_sdk,iOS,hi,2025-12-27 05:30:00,SES861420,Influencer-IG,368,USER_ABANDONED
EVT00002753,USR000780,landing,mobile_sdk,Android,gu,2025-04-17 13:54:00,SES914116,Email,1775,
EVT00002754,USR000780,rate_check,mobile_sdk,Android,gu,2025-04-17 16:32:00,SES687724,Email,,VALIDATION_FAIL
EVT00002755M,USR000781,landing,mobile_sdk,Android,mr,2025-06-06 18:55:00,SES614897,WhatsApp,745,
EVT00002756M,USR000782,landing,mobile_sdk,Android,ml,2025-07-31 00:52:00,SES483984,Direct,2284,
EVT00002757M,USR000782,rate_check,mobile_sdk,Android,ml,2025-07-31 01:07:00,SES728845,Direct,,
EVT00002758M,USR000782,register,mobile_sdk,Android,ml,2025-07-31 00:32:00,SES703250,Direct,,
EVT00002759M,USR000782,otp_verify,mobile_sdk,Android,ml,2025-07-31 01:40:00,SES693646,Direct,,
EVT00002760,USR000783,landing,mobile_sdk,iOS,hi,2026-04-01 09:16:00,SES370379,Organic search,1422,
EVT00002761,USR000783,rate_check,mobile_sdk,iOS,hi,2026-04-01 11:23:00,SES200837,Organic search,,
EVT00002762,USR000783,register,mobile_sdk,iOS,hi,2026-04-01 12:21:00,SES791616,Organic search,,
EVT00002763,USR000783,otp_verify,mobile_sdk,iOS,hi,2026-04-01 14:10:00,SES666672,Organic search,,
EVT00002764,USR000783,kyc_pan,mobile_sdk,iOS,hi,2026-04-01 14:24:00,SES503696,Organic search,,
EVT00002765,USR000783,kyc_address,mobile_sdk,iOS,hi,2026-04-01 16:40:00,SES589717,Organic search,,
EVT00002766,USR000783,vkyc_invite,mobile_sdk,iOS,hi,2026-04-01 18:58:00,SES126928,Organic search,,
EVT00002767,USR000783,vkyc_session,mobile_sdk,iOS,hi,2026-04-01 19:24:00,SES249148,Organic search,,
EVT00002768,USR000783,vkyc_complete,mobile_sdk,iOS,hi,2026-04-01 21:22:00,SES934677,Organic search,,
EVT00002769,USR000783,bank_link,mobile_sdk,iOS,hi,2026-04-02 00:01:00,SES926013,Organic search,,USER_ABANDONED
EVT00002770,USR000786,landing,mobile_sdk,Android,hi,2025-04-18 13:42:00,SES591479,Influencer-IG,1469,
EVT00002771,USR000786,rate_check,mobile_sdk,Android,hi,2025-04-18 15:47:00,SES330117,Influencer-IG,,VALIDATION_FAIL
EVT00002772,USR000789,landing,mobile_sdk,Android,en,2025-07-01 02:10:00,SES140987,Meta Ads,3329,
EVT00002773,USR000789,rate_check,mobile_sdk,Android,en,2025-07-01 03:49:00,SES646006,Meta Ads,,
EVT00002774,USR000789,register,mobile_sdk,Android,en,2025-07-01 04:21:00,SES997415,Meta Ads,,
EVT00002775,USR000789,otp_verify,mobile_sdk,Android,en,2025-07-01 06:27:00,SES320536,Meta Ads,,
EVT00002776,USR000789,kyc_pan,mobile_sdk,Android,en,2025-07-01 08:08:00,SES692405,Meta Ads,,
EVT00002777,USR000789,kyc_address,mobile_sdk,Android,en,2025-07-01 10:14:00,SES949357,Meta Ads,,
EVT00002778,USR000789,vkyc_invite,mobile_sdk,Android,en,2025-07-01 10:44:00,SES338212,Meta Ads,,
EVT00002779,USR000789,vkyc_session,mobile_sdk,Android,en,2025-07-01 11:31:00,SES502533,Meta Ads,,VKYC_AGENT_BUSY
EVT00002780,USR000792,landing,mobile_sdk,Android,te,2025-06-26 15:36:00,SES701336,Referral,1692,
EVT00002781,USR000792,rate_check,mobile_sdk,Android,te,2025-06-26 18:14:00,SES563075,Referral,,
EVT00002782,USR000792,register,mobile_sdk,Android,te,2025-06-26 18:52:00,SES663053,Referral,,
EVT00002783,USR000792,otp_verify,mobile_sdk,Android,te,2025-06-26 20:18:00,SES669136,Referral,,
EVT00002784,USR000792,kyc_pan,mobile_sdk,Android,te,2025-06-26 22:58:00,SES855682,Referral,,
EVT00002785,USR000792,kyc_address,mobile_sdk,Android,te,2025-06-27 00:36:00,SES141530,Referral,,
EVT00002786,USR000792,vkyc_invite,mobile_sdk,Android,te,2025-06-27 01:16:00,SES595815,Referral,,
EVT00002787,USR000792,vkyc_session,mobile_sdk,Android,te,2025-06-27 02:07:00,SES865258,Referral,,
EVT00002788,USR000792,vkyc_complete,mobile_sdk,Android,te,2025-06-27 04:24:00,SES562578,Referral,,
EVT00002789,USR000792,bank_link,mobile_sdk,Android,te,2025-06-27 05:57:00,SES853790,Referral,,
EVT00002790,USR000792,fd_amount_select,mobile_sdk,Android,te,2025-06-27 06:22:00,SES239774,Referral,,
EVT00002791,USR000792,fd_tenure_select,mobile_sdk,Android,te,2025-06-27 06:37:00,SES528059,Referral,,
EVT00002792,USR000792,fd_review,mobile_sdk,Android,te,2025-06-27 08:07:00,SES433391,Referral,,
EVT00002793,USR000792,fd_book_success,mobile_sdk,Android,te,2025-06-27 08:48:00,SES231040,Referral,,
EVT00002794M,USR000793,landing,mobile_sdk,Android,hi,2026-03-26 04:06:00,SES802912,Influencer-YT,1449,
EVT00002795M,USR000793,rate_check,mobile_sdk,Android,hi,2026-03-26 04:11:00,SES519809,Influencer-YT,,
EVT00002796M,USR000793,register,mobile_sdk,Android,hi,2026-03-26 04:24:00,SES472724,Influencer-YT,,
EVT00002797M,USR000794,landing,mobile_sdk,Android,hi,2025-07-01 09:07:00,SES136641,Direct,2459,
EVT00002798M,USR000794,rate_check,mobile_sdk,Android,hi,2025-07-01 09:34:00,SES462153,Direct,,
EVT00002799M,USR000794,register,mobile_sdk,Android,hi,2025-07-01 08:34:00,SES693157,Direct,,
EVT00002800M,USR000794,otp_verify,mobile_sdk,Android,hi,2025-07-01 09:37:00,SES100933,Direct,,
EVT00002801M,USR000794,kyc_pan,mobile_sdk,Android,hi,2025-07-01 09:21:00,SES303418,Direct,,
EVT00002802M,USR000795,landing,mobile_sdk,Android,mr,2026-03-15 15:54:00,SES462453,Influencer-IG,697,
EVT00002803M,USR000795,rate_check,mobile_sdk,Android,mr,2026-03-15 16:09:00,SES345441,Influencer-IG,,
EVT00002804M,USR000795,register,mobile_sdk,iOS,mr,2026-03-15 15:07:00,SES251214,Influencer-IG,,
EVT00002805M,USR000795,otp_verify,mobile_sdk,Android,mr,2026-03-15 16:24:00,SES762801,Influencer-IG,,
EVT00002806M,USR000798,landing,mobile_sdk,Android,en,2025-09-16 16:31:00,SES451122,Email,510,
EVT00002807M,USR000798,rate_check,mobile_sdk,iOS,en,2025-09-16 16:33:00,SES512885,Email,,
EVT00002808M,USR000800,landing,mobile_sdk,iOS,bn,2025-04-09 01:32:00,SES207576,Meta Ads,768,
EVT00002809M,USR000801,landing,mobile_sdk,Android,en,2025-09-26 23:18:00,SES134223,Influencer-YT,467,
EVT00002810,USR000803,landing,mobile_sdk,Web-Mobile,en,2025-09-06 09:41:00,SES839743,Email,850,
EVT00002811,USR000803,rate_check,mobile_sdk,Web-Mobile,en,2025-09-06 10:40:00,SES751628,Email,,DOC_REJECTED
EVT00002812,USR000804,landing,mobile_sdk,Web-Desktop,kn,2026-03-24 13:18:00,SES918333,Influencer-IG,1127,
EVT00002813,USR000804,rate_check,mobile_sdk,Web-Desktop,kn,2026-03-24 16:15:00,SES920878,Influencer-IG,,
EVT00002814,USR000804,register,mobile_sdk,Web-Desktop,kn,2026-03-24 16:56:00,SES450067,Influencer-IG,,
EVT00002815,USR000804,otp_verify,mobile_sdk,Web-Desktop,kn,2026-03-24 19:07:00,SES948945,Influencer-IG,,
EVT00002816,USR000804,kyc_pan,mobile_sdk,Web-Desktop,kn,2026-03-24 19:52:00,SES349303,Influencer-IG,,
EVT00002817,USR000804,kyc_address,mobile_sdk,Web-Desktop,kn,2026-03-24 21:00:00,SES763105,Influencer-IG,,
EVT00002818,USR000804,vkyc_invite,mobile_sdk,Web-Desktop,kn,2026-03-24 22:46:00,SES974779,Influencer-IG,,
EVT00002819,USR000804,vkyc_session,mobile_sdk,Web-Desktop,kn,2026-03-25 01:27:00,SES857608,Influencer-IG,,
EVT00002820,USR000804,vkyc_complete,mobile_sdk,Web-Desktop,kn,2026-03-25 04:19:00,SES569555,Influencer-IG,,
EVT00002821,USR000804,bank_link,mobile_sdk,Web-Desktop,kn,2026-03-25 06:25:00,SES323312,Influencer-IG,,
EVT00002822,USR000804,fd_amount_select,mobile_sdk,Web-Desktop,kn,2026-03-25 07:29:00,SES615978,Influencer-IG,,
EVT00002823,USR000804,fd_tenure_select,mobile_sdk,Web-Desktop,kn,2026-03-25 10:01:00,SES848019,Influencer-IG,,
EVT00002824,USR000804,fd_review,mobile_sdk,Web-Desktop,kn,2026-03-25 12:36:00,SES273742,Influencer-IG,,
EVT00002825,USR000804,fd_book_success,mobile_sdk,Web-Desktop,kn,2026-03-25 13:40:00,SES341709,Influencer-IG,,
EVT00002826,USR000806,landing,mobile_sdk,Android,hi,2026-04-18 12:52:00,SES389956,Direct,1091,
EVT00002827,USR000806,rate_check,mobile_sdk,Android,hi,2026-04-18 15:06:00,SES808010,Direct,,
EVT00002828,USR000806,register,mobile_sdk,Android,hi,2026-04-18 15:46:00,SES902008,Direct,,
EVT00002829,USR000806,otp_verify,mobile_sdk,Android,hi,2026-04-18 15:59:00,SES294410,Direct,,
EVT00002830,USR000806,kyc_pan,mobile_sdk,Android,hi,2026-04-18 17:40:00,SES277446,Direct,,
EVT00002831,USR000806,kyc_address,mobile_sdk,Android,hi,2026-04-18 19:34:00,SES383285,Direct,,
EVT00002832,USR000806,vkyc_invite,mobile_sdk,Android,hi,2026-04-18 19:47:00,SES414287,Direct,,
EVT00002833,USR000806,vkyc_session,mobile_sdk,Android,hi,2026-04-18 20:02:00,SES411761,Direct,,
EVT00002834,USR000807,landing,mobile_sdk,Android,hi,2026-03-05 20:58:00,SES810198,Email,1885,
EVT00002835,USR000807,rate_check,mobile_sdk,Android,hi,2026-03-05 21:38:00,SES542920,Email,,TIMEOUT
EVT00002836M,USR000809,landing,mobile_sdk,Android,ml,2026-01-06 02:15:00,SES871829,Organic search,2187,
EVT00002837,USR000811,landing,mobile_sdk,iOS,mr,2025-04-23 10:40:00,SES464290,Google Ads,1784,
EVT00002838,USR000811,rate_check,mobile_sdk,iOS,mr,2025-04-23 13:22:00,SES996911,Google Ads,,
EVT00002839,USR000811,register,mobile_sdk,iOS,mr,2025-04-23 15:40:00,SES875069,Google Ads,,
EVT00002840,USR000811,otp_verify,mobile_sdk,iOS,mr,2025-04-23 17:02:00,SES172942,Google Ads,,
EVT00002841,USR000811,kyc_pan,mobile_sdk,iOS,mr,2025-04-23 17:09:00,SES452621,Google Ads,,
EVT00002842,USR000811,kyc_address,mobile_sdk,iOS,mr,2025-04-23 18:40:00,SES929981,Google Ads,,
EVT00002843,USR000811,vkyc_invite,mobile_sdk,iOS,mr,2025-04-23 18:47:00,SES864669,Google Ads,,
EVT00002844,USR000811,vkyc_session,mobile_sdk,iOS,mr,2025-04-23 20:35:00,SES887423,Google Ads,,
EVT00002845,USR000811,vkyc_complete,mobile_sdk,iOS,mr,2025-04-23 22:39:00,SES108130,Google Ads,,
EVT00002846,USR000811,bank_link,mobile_sdk,iOS,mr,2025-04-24 01:08:00,SES493559,Google Ads,,
EVT00002847,USR000811,fd_amount_select,mobile_sdk,iOS,mr,2025-04-24 01:13:00,SES881080,Google Ads,,
EVT00002848,USR000811,fd_tenure_select,mobile_sdk,iOS,mr,2025-04-24 02:15:00,SES302484,Google Ads,,
EVT00002849,USR000811,fd_review,mobile_sdk,iOS,mr,2025-04-24 04:21:00,SES131782,Google Ads,,
EVT00002850,USR000811,fd_book_success,mobile_sdk,iOS,mr,2025-04-24 05:24:00,SES806329,Google Ads,,
EVT00002851,USR000813,landing,mobile_sdk,Web-Mobile,gu,2026-04-07 01:12:00,SES146422,WhatsApp,2550,
EVT00002852,USR000813,rate_check,mobile_sdk,Web-Mobile,gu,2026-04-07 01:53:00,SES772473,WhatsApp,,RATE_NOT_COMPETITIVE
EVT00002853M,USR000814,landing,mobile_sdk,Android,en,2026-05-03 18:29:00,SES216112,Influencer-IG,559,
EVT00002854M,USR000814,rate_check,mobile_sdk,Android,en,2026-05-03 18:16:00,SES796624,Influencer-IG,,
EVT00002855M,USR000814,register,mobile_sdk,iOS,en,2026-05-03 17:47:00,SES738854,Influencer-IG,,
EVT00002856M,USR000814,otp_verify,mobile_sdk,Android,en,2026-05-03 18:56:00,SES993577,Influencer-IG,,
EVT00002857M,USR000815,landing,mobile_sdk,Android,hi,2025-12-01 05:56:00,SES684812,WhatsApp,1022,
EVT00002858M,USR000815,rate_check,mobile_sdk,Android,hi,2025-12-01 06:36:00,SES770391,WhatsApp,,
EVT00002859M,USR000815,register,mobile_sdk,Android,hi,2025-12-01 06:27:00,SES306276,WhatsApp,,
EVT00002860M,USR000815,otp_verify,mobile_sdk,Android,hi,2025-12-01 07:17:00,SES154994,WhatsApp,,
EVT00002861M,USR000815,kyc_pan,mobile_sdk,Android,hi,2025-12-01 07:10:00,SES588293,WhatsApp,,
EVT00002862M,USR000815,kyc_address,mobile_sdk,iOS,hi,2025-12-01 06:22:00,SES940237,WhatsApp,,
EVT00002863M,USR000816,landing,mobile_sdk,Android,en,2025-01-01 17:10:00,SES671351,Influencer-IG,765,
EVT00002864M,USR000816,rate_check,mobile_sdk,Android,en,2025-01-01 18:20:00,SES200589,Influencer-IG,,
EVT00002865M,USR000816,register,mobile_sdk,iOS,en,2025-01-01 17:37:00,SES593953,Influencer-IG,,
EVT00002866M,USR000816,otp_verify,mobile_sdk,Android,en,2025-01-01 17:58:00,SES667511,Influencer-IG,,
EVT00002867M,USR000816,kyc_pan,mobile_sdk,Android,en,2025-01-01 17:20:00,SES622210,Influencer-IG,,
EVT00002868M,USR000816,kyc_address,mobile_sdk,Android,en,2025-01-01 18:30:00,SES620326,Influencer-IG,,
EVT00002869M,USR000818,landing,mobile_sdk,iOS,hi,2026-04-15 09:59:00,SES379138,Organic search,279,
EVT00002870M,USR000818,rate_check,mobile_sdk,iOS,hi,2026-04-15 09:27:00,SES702161,Organic search,,
EVT00002871M,USR000818,register,mobile_sdk,Android,hi,2026-04-15 10:33:00,SES761372,Organic search,,
EVT00002872M,USR000818,otp_verify,mobile_sdk,Android,hi,2026-04-15 09:28:00,SES609021,Organic search,,
EVT00002873M,USR000818,kyc_pan,mobile_sdk,iOS,hi,2026-04-15 09:41:00,SES396902,Organic search,,
EVT00002874M,USR000818,kyc_address,mobile_sdk,Android,hi,2026-04-15 09:21:00,SES259765,Organic search,,
EVT00002875M,USR000819,landing,mobile_sdk,Android,hi,2026-04-25 03:15:00,SES302858,Influencer-YT,1842,
EVT00002876M,USR000819,rate_check,mobile_sdk,iOS,hi,2026-04-25 02:18:00,SES148392,Influencer-YT,,
EVT00002877,USR000820,landing,mobile_sdk,iOS,ta,2025-09-06 01:57:00,SES745037,Influencer-IG,2018,
EVT00002878,USR000820,rate_check,mobile_sdk,iOS,ta,2025-09-06 03:55:00,SES226453,Influencer-IG,,
EVT00002879,USR000820,register,mobile_sdk,iOS,ta,2025-09-06 05:44:00,SES713285,Influencer-IG,,USER_ABANDONED
EVT00002880,USR000821,landing,mobile_sdk,Android,ta,2026-03-05 11:04:00,SES176445,Referral,825,
EVT00002881,USR000821,rate_check,mobile_sdk,Android,ta,2026-03-05 13:24:00,SES321661,Referral,,
EVT00002882,USR000821,register,mobile_sdk,Android,ta,2026-03-05 15:55:00,SES884566,Referral,,
EVT00002883,USR000821,otp_verify,mobile_sdk,Android,ta,2026-03-05 18:51:00,SES474099,Referral,,
EVT00002884,USR000821,kyc_pan,mobile_sdk,Android,ta,2026-03-05 20:29:00,SES389073,Referral,,
EVT00002885,USR000821,kyc_address,mobile_sdk,Android,ta,2026-03-05 22:34:00,SES819149,Referral,,
EVT00002886,USR000821,vkyc_invite,mobile_sdk,Android,ta,2026-03-05 22:45:00,SES101212,Referral,,
EVT00002887,USR000821,vkyc_session,mobile_sdk,Android,ta,2026-03-06 01:43:00,SES810756,Referral,,
EVT00002888,USR000821,vkyc_complete,mobile_sdk,Android,ta,2026-03-06 02:26:00,SES675300,Referral,,
EVT00002889,USR000821,bank_link,mobile_sdk,Android,ta,2026-03-06 03:18:00,SES152510,Referral,,USER_ABANDONED
EVT00002890,USR000822,landing,mobile_sdk,Android,en,2025-02-12 01:01:00,SES828684,Influencer-IG,2857,
EVT00002891,USR000822,rate_check,mobile_sdk,Android,en,2025-02-12 02:44:00,SES659905,Influencer-IG,,
EVT00002892,USR000822,register,mobile_sdk,Android,en,2025-02-12 04:10:00,SES748606,Influencer-IG,,
EVT00002893,USR000822,otp_verify,mobile_sdk,Android,en,2025-02-12 04:49:00,SES232115,Influencer-IG,,
EVT00002894,USR000822,kyc_pan,mobile_sdk,Android,en,2025-02-12 05:03:00,SES119330,Influencer-IG,,
EVT00002895,USR000822,kyc_address,mobile_sdk,Android,en,2025-02-12 06:32:00,SES856072,Influencer-IG,,
EVT00002896,USR000822,vkyc_invite,mobile_sdk,Android,en,2025-02-12 08:35:00,SES778123,Influencer-IG,,
EVT00002897,USR000822,vkyc_session,mobile_sdk,Android,en,2025-02-12 11:20:00,SES220944,Influencer-IG,,
EVT00002898,USR000822,vkyc_complete,mobile_sdk,Android,en,2025-02-12 11:55:00,SES769553,Influencer-IG,,USER_ABANDONED
EVT00002899M,USR000823,landing,mobile_sdk,iOS,kn,2025-04-07 01:43:00,SES676140,Meta Ads,2033,
EVT00002900M,USR000823,rate_check,mobile_sdk,Android,kn,2025-04-07 01:17:00,SES623840,Meta Ads,,
EVT00002901M,USR000824,landing,mobile_sdk,Android,kn,2026-03-11 22:53:00,SES200717,Google Ads,1784,
EVT00002902M,USR000824,rate_check,mobile_sdk,Android,kn,2026-03-11 22:12:00,SES817040,Google Ads,,
EVT00002903,USR000827,landing,mobile_sdk,Android,te,2026-02-12 08:35:00,SES701487,Influencer-YT,1245,
EVT00002904,USR000827,rate_check,mobile_sdk,Android,te,2026-02-12 09:25:00,SES408970,Influencer-YT,,
EVT00002905,USR000827,register,mobile_sdk,Android,te,2026-02-12 09:44:00,SES828817,Influencer-YT,,
EVT00002906,USR000827,otp_verify,mobile_sdk,Android,te,2026-02-12 09:46:00,SES893986,Influencer-YT,,
EVT00002907,USR000827,kyc_pan,mobile_sdk,Android,te,2026-02-12 12:09:00,SES252516,Influencer-YT,,
EVT00002908,USR000827,kyc_address,mobile_sdk,Android,te,2026-02-12 14:03:00,SES416658,Influencer-YT,,USER_ABANDONED
EVT00002909M,USR000828,landing,mobile_sdk,iOS,mr,2025-10-24 16:12:00,SES962661,Direct,1631,
EVT00002910M,USR000828,rate_check,mobile_sdk,Android,mr,2025-10-24 15:36:00,SES729569,Direct,,
EVT00002911M,USR000828,register,mobile_sdk,Android,mr,2025-10-24 14:58:00,SES347283,Direct,,
EVT00002912M,USR000828,otp_verify,mobile_sdk,Android,mr,2025-10-24 15:10:00,SES110370,Direct,,
EVT00002913M,USR000829,landing,mobile_sdk,iOS,mr,2025-11-13 16:19:00,SES683233,Google Ads,2002,
EVT00002914M,USR000830,landing,mobile_sdk,Android,kn,2026-03-01 16:22:00,SES812537,Email,373,
EVT00002915M,USR000830,rate_check,mobile_sdk,Android,kn,2026-03-01 15:49:00,SES635386,Email,,
EVT00002916M,USR000831,landing,mobile_sdk,Android,en,2025-10-05 13:56:00,SES688609,Google Ads,1617,
EVT00002917M,USR000831,rate_check,mobile_sdk,Android,en,2025-10-05 14:36:00,SES338307,Google Ads,,
EVT00002918M,USR000832,landing,mobile_sdk,Android,en,2025-08-26 11:35:00,SES451637,Referral,216,
EVT00002919M,USR000832,rate_check,mobile_sdk,Android,en,2025-08-26 11:36:00,SES157263,Referral,,
EVT00002920M,USR000833,landing,mobile_sdk,Android,ta,2025-11-23 04:46:00,SES824122,Influencer-YT,1231,
EVT00002921M,USR000833,rate_check,mobile_sdk,Android,ta,2025-11-23 04:46:00,SES878369,Influencer-YT,,
EVT00002922M,USR000833,register,mobile_sdk,iOS,ta,2025-11-23 04:23:00,SES701513,Influencer-YT,,
EVT00002923M,USR000833,otp_verify,mobile_sdk,Android,ta,2025-11-23 05:41:00,SES155239,Influencer-YT,,
EVT00002924M,USR000833,kyc_pan,mobile_sdk,iOS,ta,2025-11-23 05:15:00,SES835022,Influencer-YT,,
EVT00002925M,USR000833,kyc_address,mobile_sdk,Android,ta,2025-11-23 05:22:00,SES678542,Influencer-YT,,
EVT00002926M,USR000834,landing,mobile_sdk,iOS,en,2025-09-09 23:11:00,SES842761,Google Ads,2096,
EVT00002927,USR000835,landing,mobile_sdk,Web-Desktop,te,2025-03-15 00:16:00,SES917787,Meta Ads,1589,
EVT00002928,USR000835,rate_check,mobile_sdk,Web-Desktop,te,2025-03-15 01:01:00,SES158147,Meta Ads,,
EVT00002929,USR000835,register,mobile_sdk,Web-Desktop,te,2025-03-15 01:11:00,SES679239,Meta Ads,,
EVT00002930,USR000835,otp_verify,mobile_sdk,Web-Desktop,te,2025-03-15 03:07:00,SES638255,Meta Ads,,USER_ABANDONED
EVT00002931,USR000836,landing,mobile_sdk,Web-Desktop,en,2025-12-12 14:52:00,SES456659,Meta Ads,1097,
EVT00002932,USR000836,rate_check,mobile_sdk,Web-Desktop,en,2025-12-12 16:11:00,SES563827,Meta Ads,,
EVT00002933,USR000836,register,mobile_sdk,Web-Desktop,en,2025-12-12 16:50:00,SES378016,Meta Ads,,
EVT00002934,USR000836,otp_verify,mobile_sdk,Web-Desktop,en,2025-12-12 17:06:00,SES824517,Meta Ads,,
EVT00002935,USR000836,kyc_pan,mobile_sdk,Web-Desktop,en,2025-12-12 19:05:00,SES162052,Meta Ads,,
EVT00002936,USR000836,kyc_address,mobile_sdk,Web-Desktop,en,2025-12-12 20:56:00,SES481493,Meta Ads,,
EVT00002937,USR000836,vkyc_invite,mobile_sdk,Web-Desktop,en,2025-12-12 22:32:00,SES708641,Meta Ads,,
EVT00002938,USR000836,vkyc_session,mobile_sdk,Web-Desktop,en,2025-12-13 00:35:00,SES126985,Meta Ads,,
EVT00002939,USR000836,vkyc_complete,mobile_sdk,Web-Desktop,en,2025-12-13 01:23:00,SES927832,Meta Ads,,
EVT00002940,USR000836,bank_link,mobile_sdk,Web-Desktop,en,2025-12-13 04:11:00,SES878715,Meta Ads,,
EVT00002941,USR000836,fd_amount_select,mobile_sdk,Web-Desktop,en,2025-12-13 06:45:00,SES101925,Meta Ads,,
EVT00002942,USR000836,fd_tenure_select,mobile_sdk,Web-Desktop,en,2025-12-13 08:36:00,SES882124,Meta Ads,,
EVT00002943,USR000836,fd_review,mobile_sdk,Web-Desktop,en,2025-12-13 11:14:00,SES664207,Meta Ads,,
EVT00002944,USR000836,fd_book_success,mobile_sdk,Web-Desktop,en,2025-12-13 11:33:00,SES972130,Meta Ads,,
EVT00002945,USR000837,landing,mobile_sdk,Web-Mobile,kn,2026-03-22 18:22:00,SES780973,Referral,1113,
EVT00002946,USR000837,rate_check,mobile_sdk,Web-Mobile,kn,2026-03-22 19:09:00,SES836407,Referral,,
EVT00002947,USR000837,register,mobile_sdk,Web-Mobile,kn,2026-03-22 19:28:00,SES501514,Referral,,
EVT00002948,USR000837,otp_verify,mobile_sdk,Web-Mobile,kn,2026-03-22 21:07:00,SES823866,Referral,,
EVT00002949,USR000837,kyc_pan,mobile_sdk,Web-Mobile,kn,2026-03-22 23:15:00,SES156081,Referral,,
EVT00002950,USR000837,kyc_address,mobile_sdk,Web-Mobile,kn,2026-03-23 00:30:00,SES183111,Referral,,USER_ABANDONED
EVT00002951,USR000840,landing,mobile_sdk,iOS,hi,2026-02-16 07:24:00,SES810220,Referral,460,
EVT00002952,USR000840,rate_check,mobile_sdk,iOS,hi,2026-02-16 09:37:00,SES722954,Referral,,
EVT00002953,USR000841,landing,mobile_sdk,Android,kn,2026-03-20 05:21:00,SES341551,Direct,2588,
EVT00002954,USR000841,rate_check,mobile_sdk,Android,kn,2026-03-20 07:47:00,SES667242,Direct,,
EVT00002955,USR000841,register,mobile_sdk,Android,kn,2026-03-20 08:33:00,SES654834,Direct,,
EVT00002956,USR000841,otp_verify,mobile_sdk,Android,kn,2026-03-20 10:32:00,SES176384,Direct,,
EVT00002957,USR000841,kyc_pan,mobile_sdk,Android,kn,2026-03-20 10:43:00,SES417350,Direct,,
EVT00002958,USR000841,kyc_address,mobile_sdk,Android,kn,2026-03-20 11:43:00,SES632115,Direct,,
EVT00002959,USR000841,vkyc_invite,mobile_sdk,Android,kn,2026-03-20 13:26:00,SES628825,Direct,,
EVT00002960,USR000841,vkyc_session,mobile_sdk,Android,kn,2026-03-20 15:57:00,SES107214,Direct,,TIMEOUT
EVT00002961M,USR000842,landing,mobile_sdk,iOS,hi,2026-03-31 09:04:00,SES784277,Direct,2193,
EVT00002962M,USR000842,rate_check,mobile_sdk,iOS,hi,2026-03-31 08:59:00,SES109749,Direct,,
EVT00002963M,USR000842,register,mobile_sdk,Android,hi,2026-03-31 09:34:00,SES955270,Direct,,
EVT00002964M,USR000844,landing,mobile_sdk,Android,hi,2025-08-10 05:18:00,SES398803,Direct,1846,
EVT00002965M,USR000844,rate_check,mobile_sdk,Android,hi,2025-08-10 04:42:00,SES686989,Direct,,
EVT00002966M,USR000844,register,mobile_sdk,Android,hi,2025-08-10 05:46:00,SES807650,Direct,,
EVT00002967,USR000845,landing,mobile_sdk,Android,hi,2025-03-05 16:38:00,SES119809,Influencer-IG,2201,USER_ABANDONED
EVT00002968,USR000846,landing,mobile_sdk,Android,en,2025-06-14 12:28:00,SES221626,Influencer-YT,2634,
EVT00002969,USR000846,rate_check,mobile_sdk,Android,en,2025-06-14 13:42:00,SES972233,Influencer-YT,,
EVT00002970,USR000846,register,mobile_sdk,Android,en,2025-06-14 14:29:00,SES350343,Influencer-YT,,
EVT00002971,USR000846,otp_verify,mobile_sdk,Android,en,2025-06-14 16:07:00,SES828459,Influencer-YT,,
EVT00002972,USR000846,kyc_pan,mobile_sdk,Android,en,2025-06-14 16:24:00,SES991442,Influencer-YT,,
EVT00002973,USR000846,kyc_address,mobile_sdk,Android,en,2025-06-14 19:02:00,SES114339,Influencer-YT,,
EVT00002974,USR000846,vkyc_invite,mobile_sdk,Android,en,2025-06-14 21:50:00,SES384870,Influencer-YT,,
EVT00002975,USR000846,vkyc_session,mobile_sdk,Android,en,2025-06-14 23:06:00,SES271912,Influencer-YT,,
EVT00002976,USR000846,vkyc_complete,mobile_sdk,Android,en,2025-06-14 23:48:00,SES381806,Influencer-YT,,
EVT00002977,USR000846,bank_link,mobile_sdk,Android,en,2025-06-15 01:47:00,SES225142,Influencer-YT,,
EVT00002978,USR000846,fd_amount_select,mobile_sdk,Android,en,2025-06-15 02:03:00,SES501315,Influencer-YT,,
EVT00002979,USR000846,fd_tenure_select,mobile_sdk,Android,en,2025-06-15 04:50:00,SES940101,Influencer-YT,,
EVT00002980,USR000846,fd_review,mobile_sdk,Android,en,2025-06-15 06:55:00,SES308430,Influencer-YT,,
EVT00002981,USR000846,fd_book_success,mobile_sdk,Android,en,2025-06-15 07:02:00,SES907813,Influencer-YT,,
EVT00002982,USR000847,landing,mobile_sdk,Android,en,2026-01-04 01:28:00,SES659385,Google Ads,2858,
EVT00002983,USR000847,rate_check,mobile_sdk,Android,en,2026-01-04 02:21:00,SES269749,Google Ads,,
EVT00002984,USR000847,register,mobile_sdk,Android,en,2026-01-04 03:15:00,SES445423,Google Ads,,
EVT00002985,USR000847,otp_verify,mobile_sdk,Android,en,2026-01-04 04:48:00,SES218960,Google Ads,,
EVT00002986,USR000847,kyc_pan,mobile_sdk,Android,en,2026-01-04 05:46:00,SES172541,Google Ads,,
EVT00002987,USR000847,kyc_address,mobile_sdk,Android,en,2026-01-04 07:31:00,SES878899,Google Ads,,
EVT00002988,USR000847,vkyc_invite,mobile_sdk,Android,en,2026-01-04 08:40:00,SES305913,Google Ads,,USER_ABANDONED
EVT00002989,USR000848,landing,mobile_sdk,Android,kn,2026-04-25 07:26:00,SES330045,Direct,1616,
EVT00002990,USR000848,rate_check,mobile_sdk,Android,kn,2026-04-25 09:14:00,SES747109,Direct,,
EVT00002991,USR000848,register,mobile_sdk,Android,kn,2026-04-25 11:27:00,SES930526,Direct,,
EVT00002992,USR000848,otp_verify,mobile_sdk,Android,kn,2026-04-25 13:35:00,SES951777,Direct,,
EVT00002993,USR000848,kyc_pan,mobile_sdk,Android,kn,2026-04-25 15:39:00,SES935383,Direct,,
EVT00002994,USR000848,kyc_address,mobile_sdk,Android,kn,2026-04-25 15:53:00,SES422980,Direct,,
EVT00002995,USR000848,vkyc_invite,mobile_sdk,Android,kn,2026-04-25 18:18:00,SES621884,Direct,,
EVT00002996,USR000848,vkyc_session,mobile_sdk,Android,kn,2026-04-25 20:27:00,SES637722,Direct,,
EVT00002997,USR000848,vkyc_complete,mobile_sdk,Android,kn,2026-04-25 21:37:00,SES248600,Direct,,
EVT00002998,USR000848,bank_link,mobile_sdk,Android,kn,2026-04-25 22:06:00,SES873133,Direct,,
EVT00002999,USR000848,fd_amount_select,mobile_sdk,Android,kn,2026-04-26 00:46:00,SES546137,Direct,,
EVT00003000,USR000848,fd_tenure_select,mobile_sdk,Android,kn,2026-04-26 01:59:00,SES472497,Direct,,
EVT00003001,USR000848,fd_review,mobile_sdk,Android,kn,2026-04-26 02:55:00,SES928095,Direct,,
EVT00003002,USR000848,fd_book_success,mobile_sdk,Android,kn,2026-04-26 03:37:00,SES646258,Direct,,
EVT00003003,USR000850,landing,mobile_sdk,iOS,en,2025-01-07 01:47:00,SES512150,Referral,2300,
EVT00003004,USR000850,rate_check,mobile_sdk,iOS,en,2025-01-07 04:19:00,SES863000,Referral,,VALIDATION_FAIL
EVT00003005M,USR000852,landing,mobile_sdk,iOS,hi,2025-06-13 01:41:00,SES548845,Google Ads,1518,
EVT00003006M,USR000852,rate_check,mobile_sdk,Android,hi,2025-06-13 01:59:00,SES662998,Google Ads,,
EVT00003007M,USR000852,register,mobile_sdk,Android,hi,2025-06-13 01:53:00,SES149989,Google Ads,,
EVT00003008,USR000853,landing,mobile_sdk,Web-Desktop,kn,2026-02-21 10:29:00,SES213280,WhatsApp,1179,
EVT00003009,USR000853,rate_check,mobile_sdk,Web-Desktop,kn,2026-02-21 12:20:00,SES810109,WhatsApp,,
EVT00003010M,USR000854,landing,mobile_sdk,iOS,te,2025-03-14 07:19:00,SES178981,WhatsApp,2217,
EVT00003011M,USR000854,rate_check,mobile_sdk,Android,te,2025-03-14 06:38:00,SES617987,WhatsApp,,
EVT00003012M,USR000854,register,mobile_sdk,Android,te,2025-03-14 07:03:00,SES346997,WhatsApp,,
EVT00003013M,USR000854,otp_verify,mobile_sdk,iOS,te,2025-03-14 07:38:00,SES416660,WhatsApp,,
EVT00003014M,USR000854,kyc_pan,mobile_sdk,Android,te,2025-03-14 07:10:00,SES334574,WhatsApp,,
EVT00003015M,USR000855,landing,mobile_sdk,Android,hi,2026-01-15 06:00:00,SES118498,WhatsApp,1560,
EVT00003016M,USR000855,rate_check,mobile_sdk,Android,hi,2026-01-15 06:08:00,SES582084,WhatsApp,,
EVT00003017M,USR000855,register,mobile_sdk,Android,hi,2026-01-15 06:22:00,SES800174,WhatsApp,,
EVT00003018,USR000856,landing,mobile_sdk,iOS,hi,2025-12-06 00:36:00,SES355020,Influencer-IG,1068,USER_ABANDONED
EVT00003019,USR000857,landing,mobile_sdk,Android,hi,2026-01-20 12:28:00,SES876858,Referral,3079,
EVT00003020,USR000857,rate_check,mobile_sdk,Android,hi,2026-01-20 14:12:00,SES640278,Referral,,
EVT00003021,USR000857,register,mobile_sdk,Android,hi,2026-01-20 15:21:00,SES307069,Referral,,
EVT00003022,USR000857,otp_verify,mobile_sdk,Android,hi,2026-01-20 18:06:00,SES504223,Referral,,
EVT00003023,USR000857,kyc_pan,mobile_sdk,Android,hi,2026-01-20 19:17:00,SES440633,Referral,,
EVT00003024,USR000857,kyc_address,mobile_sdk,Android,hi,2026-01-20 21:54:00,SES439949,Referral,,
EVT00003025,USR000857,vkyc_invite,mobile_sdk,Android,hi,2026-01-20 22:47:00,SES988937,Referral,,
EVT00003026,USR000857,vkyc_session,mobile_sdk,Android,hi,2026-01-20 23:51:00,SES330279,Referral,,
EVT00003027,USR000857,vkyc_complete,mobile_sdk,Android,hi,2026-01-21 00:02:00,SES333546,Referral,,
EVT00003028,USR000857,bank_link,mobile_sdk,Android,hi,2026-01-21 01:12:00,SES578472,Referral,,
EVT00003029,USR000857,fd_amount_select,mobile_sdk,Android,hi,2026-01-21 04:03:00,SES524699,Referral,,
EVT00003030,USR000857,fd_tenure_select,mobile_sdk,Android,hi,2026-01-21 04:42:00,SES347011,Referral,,
EVT00003031,USR000857,fd_review,mobile_sdk,Android,hi,2026-01-21 07:29:00,SES285174,Referral,,
EVT00003032,USR000857,fd_book_success,mobile_sdk,Android,hi,2026-01-21 10:15:00,SES971564,Referral,,
EVT00003033M,USR000860,landing,mobile_sdk,Android,ta,2025-06-10 18:34:00,SES913828,Influencer-IG,2484,
EVT00003034M,USR000862,landing,mobile_sdk,Android,te,2025-12-21 00:25:00,SES914762,Email,879,
EVT00003035,USR000863,landing,mobile_sdk,iOS,hi,2025-11-23 05:06:00,SES282513,Organic search,947,USER_ABANDONED
EVT00003036,USR000865,landing,mobile_sdk,Web-Mobile,mr,2025-09-16 10:28:00,SES621534,Organic search,2285,
EVT00003037,USR000865,rate_check,mobile_sdk,Web-Mobile,mr,2025-09-16 13:00:00,SES477306,Organic search,,DOC_REJECTED
EVT00003038M,USR000866,landing,mobile_sdk,Android,en,2026-03-16 12:16:00,SES412906,WhatsApp,1349,
EVT00003039M,USR000866,rate_check,mobile_sdk,iOS,en,2026-03-16 12:29:00,SES823881,WhatsApp,,
EVT00003040M,USR000867,landing,mobile_sdk,Android,mr,2025-02-09 12:24:00,SES732351,Meta Ads,1713,
EVT00003041M,USR000867,rate_check,mobile_sdk,Android,mr,2025-02-09 12:01:00,SES366586,Meta Ads,,
EVT00003042M,USR000867,register,mobile_sdk,iOS,mr,2025-02-09 12:04:00,SES737801,Meta Ads,,
EVT00003043M,USR000867,otp_verify,mobile_sdk,Android,mr,2025-02-09 11:50:00,SES428038,Meta Ads,,
EVT00003044M,USR000870,landing,mobile_sdk,Android,kn,2026-01-16 03:37:00,SES612854,Email,2050,
EVT00003045M,USR000871,landing,mobile_sdk,Android,ta,2025-07-07 13:23:00,SES726428,Direct,2343,
EVT00003046M,USR000871,rate_check,mobile_sdk,Android,ta,2025-07-07 13:36:00,SES288668,Direct,,
EVT00003047M,USR000871,register,mobile_sdk,Android,ta,2025-07-07 13:05:00,SES146755,Direct,,
EVT00003048,USR000872,landing,mobile_sdk,Android,ta,2025-04-09 07:33:00,SES419694,Meta Ads,996,
EVT00003049,USR000872,rate_check,mobile_sdk,Android,ta,2025-04-09 08:32:00,SES392977,Meta Ads,,
EVT00003050,USR000872,register,mobile_sdk,Android,ta,2025-04-09 11:12:00,SES641760,Meta Ads,,
EVT00003051,USR000872,otp_verify,mobile_sdk,Android,ta,2025-04-09 12:20:00,SES601695,Meta Ads,,
EVT00003052,USR000872,kyc_pan,mobile_sdk,Android,ta,2025-04-09 14:32:00,SES395573,Meta Ads,,
EVT00003053,USR000872,kyc_address,mobile_sdk,Android,ta,2025-04-09 15:54:00,SES955436,Meta Ads,,
EVT00003054,USR000872,vkyc_invite,mobile_sdk,Android,ta,2025-04-09 17:59:00,SES286579,Meta Ads,,
EVT00003055,USR000872,vkyc_session,mobile_sdk,Android,ta,2025-04-09 20:12:00,SES113307,Meta Ads,,VALIDATION_FAIL
EVT00003056,USR000876,landing,mobile_sdk,Android,en,2025-04-20 14:07:00,SES985816,Organic search,2334,
EVT00003057,USR000876,rate_check,mobile_sdk,Android,en,2025-04-20 15:51:00,SES378829,Organic search,,USER_ABANDONED
EVT00003058,USR000877,landing,mobile_sdk,Android,ta,2025-01-04 19:55:00,SES194608,Email,1995,
EVT00003059,USR000877,rate_check,mobile_sdk,Android,ta,2025-01-04 22:25:00,SES173587,Email,,DOC_REJECTED
EVT00003060M,USR000881,landing,mobile_sdk,Android,hi,2025-09-23 11:07:00,SES148196,Influencer-YT,2255,
EVT00003061M,USR000881,rate_check,mobile_sdk,iOS,hi,2025-09-23 11:08:00,SES638933,Influencer-YT,,
EVT00003062,USR000882,landing,mobile_sdk,Android,en,2026-03-24 23:32:00,SES673186,WhatsApp,1655,
EVT00003063,USR000882,rate_check,mobile_sdk,Android,en,2026-03-25 01:40:00,SES162388,WhatsApp,,TIMEOUT
EVT00003064M,USR000883,landing,mobile_sdk,Android,hi,2025-10-28 12:55:00,SES273443,Influencer-YT,423,
EVT00003065M,USR000883,rate_check,mobile_sdk,Android,hi,2025-10-28 13:28:00,SES468174,Influencer-YT,,
EVT00003066M,USR000883,register,mobile_sdk,Android,hi,2025-10-28 13:22:00,SES666799,Influencer-YT,,
EVT00003067M,USR000883,otp_verify,mobile_sdk,Android,hi,2025-10-28 12:28:00,SES936585,Influencer-YT,,
EVT00003068M,USR000883,kyc_pan,mobile_sdk,Android,hi,2025-10-28 13:19:00,SES502867,Influencer-YT,,
EVT00003069M,USR000884,landing,mobile_sdk,Android,en,2025-07-27 01:36:00,SES273064,WhatsApp,827,
EVT00003070M,USR000884,rate_check,mobile_sdk,Android,en,2025-07-27 00:55:00,SES934335,WhatsApp,,
EVT00003071M,USR000884,register,mobile_sdk,Android,en,2025-07-27 01:19:00,SES183852,WhatsApp,,
EVT00003072M,USR000884,otp_verify,mobile_sdk,Android,en,2025-07-27 01:31:00,SES158640,WhatsApp,,
EVT00003073M,USR000884,kyc_pan,mobile_sdk,iOS,en,2025-07-27 00:33:00,SES785376,WhatsApp,,
EVT00003074M,USR000884,kyc_address,mobile_sdk,Android,en,2025-07-27 00:42:00,SES156468,WhatsApp,,
EVT00003075,USR000886,landing,mobile_sdk,Android,hi,2025-07-22 11:10:00,SES577686,Referral,1786,
EVT00003076,USR000886,rate_check,mobile_sdk,Android,hi,2025-07-22 13:26:00,SES194758,Referral,,
EVT00003077,USR000886,register,mobile_sdk,Android,hi,2025-07-22 15:02:00,SES872449,Referral,,
EVT00003078,USR000886,otp_verify,mobile_sdk,Android,hi,2025-07-22 16:50:00,SES509982,Referral,,
EVT00003079,USR000886,kyc_pan,mobile_sdk,Android,hi,2025-07-22 18:21:00,SES452072,Referral,,
EVT00003080,USR000886,kyc_address,mobile_sdk,Android,hi,2025-07-22 18:45:00,SES929093,Referral,,
EVT00003081,USR000886,vkyc_invite,mobile_sdk,Android,hi,2025-07-22 21:08:00,SES505684,Referral,,
EVT00003082,USR000886,vkyc_session,mobile_sdk,Android,hi,2025-07-22 21:28:00,SES905679,Referral,,
EVT00003083,USR000889,landing,mobile_sdk,iOS,en,2025-06-11 06:13:00,SES871434,Organic search,3489,
EVT00003084,USR000889,rate_check,mobile_sdk,iOS,en,2025-06-11 09:04:00,SES795317,Organic search,,
EVT00003085,USR000889,register,mobile_sdk,iOS,en,2025-06-11 09:45:00,SES119931,Organic search,,
EVT00003086,USR000889,otp_verify,mobile_sdk,iOS,en,2025-06-11 11:45:00,SES897895,Organic search,,
EVT00003087,USR000889,kyc_pan,mobile_sdk,iOS,en,2025-06-11 14:43:00,SES212209,Organic search,,
EVT00003088,USR000889,kyc_address,mobile_sdk,iOS,en,2025-06-11 17:15:00,SES139107,Organic search,,
EVT00003089,USR000889,vkyc_invite,mobile_sdk,iOS,en,2025-06-11 19:53:00,SES585535,Organic search,,
EVT00003090,USR000889,vkyc_session,mobile_sdk,iOS,en,2025-06-11 22:25:00,SES546645,Organic search,,
EVT00003091,USR000889,vkyc_complete,mobile_sdk,iOS,en,2025-06-12 00:53:00,SES829208,Organic search,,USER_ABANDONED
EVT00003092,USR000894,landing,mobile_sdk,Web-Desktop,hi,2025-07-02 00:49:00,SES251216,Influencer-IG,2487,
EVT00003093,USR000894,rate_check,mobile_sdk,Web-Desktop,hi,2025-07-02 01:28:00,SES466522,Influencer-IG,,
EVT00003094,USR000894,register,mobile_sdk,Web-Desktop,hi,2025-07-02 03:54:00,SES921943,Influencer-IG,,
EVT00003095,USR000894,otp_verify,mobile_sdk,Web-Desktop,hi,2025-07-02 05:26:00,SES312905,Influencer-IG,,
EVT00003096,USR000894,kyc_pan,mobile_sdk,Web-Desktop,hi,2025-07-02 06:10:00,SES224547,Influencer-IG,,
EVT00003097,USR000894,kyc_address,mobile_sdk,Web-Desktop,hi,2025-07-02 08:35:00,SES676468,Influencer-IG,,
EVT00003098,USR000894,vkyc_invite,mobile_sdk,Web-Desktop,hi,2025-07-02 09:27:00,SES290054,Influencer-IG,,
EVT00003099,USR000894,vkyc_session,mobile_sdk,Web-Desktop,hi,2025-07-02 10:01:00,SES560745,Influencer-IG,,
EVT00003100,USR000894,vkyc_complete,mobile_sdk,Web-Desktop,hi,2025-07-02 10:12:00,SES553499,Influencer-IG,,
EVT00003101,USR000894,bank_link,mobile_sdk,Web-Desktop,hi,2025-07-02 11:47:00,SES387508,Influencer-IG,,
EVT00003102,USR000894,fd_amount_select,mobile_sdk,Web-Desktop,hi,2025-07-02 14:33:00,SES115626,Influencer-IG,,
EVT00003103,USR000894,fd_tenure_select,mobile_sdk,Web-Desktop,hi,2025-07-02 17:01:00,SES621945,Influencer-IG,,
EVT00003104,USR000894,fd_review,mobile_sdk,Web-Desktop,hi,2025-07-02 17:06:00,SES352188,Influencer-IG,,
EVT00003105,USR000894,fd_book_success,mobile_sdk,Web-Desktop,hi,2025-07-02 19:57:00,SES353493,Influencer-IG,,
EVT00003106,USR000895,landing,mobile_sdk,iOS,bn,2025-09-24 01:57:00,SES163709,Direct,2255,
EVT00003107,USR000895,rate_check,mobile_sdk,iOS,bn,2025-09-24 04:10:00,SES313643,Direct,,TIMEOUT
EVT00003108M,USR000896,landing,mobile_sdk,Android,hi,2025-12-10 22:48:00,SES256200,Meta Ads,1342,
EVT00003109M,USR000897,landing,mobile_sdk,iOS,te,2026-04-21 19:13:00,SES663748,Email,2400,
EVT00003110M,USR000897,rate_check,mobile_sdk,Android,te,2026-04-21 18:12:00,SES689826,Email,,
EVT00003111M,USR000897,register,mobile_sdk,Android,te,2026-04-21 18:47:00,SES688790,Email,,
EVT00003112M,USR000897,otp_verify,mobile_sdk,Android,te,2026-04-21 18:41:00,SES172448,Email,,
EVT00003113M,USR000897,kyc_pan,mobile_sdk,iOS,te,2026-04-21 18:06:00,SES414747,Email,,
EVT00003114M,USR000897,kyc_address,mobile_sdk,Android,te,2026-04-21 18:19:00,SES191507,Email,,
EVT00003115M,USR000899,landing,mobile_sdk,Android,ml,2026-05-07 11:36:00,SES962915,Referral,2336,
EVT00003116M,USR000899,rate_check,mobile_sdk,Android,ml,2026-05-07 12:00:00,SES143940,Referral,,
EVT00003117M,USR000899,register,mobile_sdk,Android,ml,2026-05-07 11:17:00,SES928210,Referral,,
EVT00003118M,USR000899,otp_verify,mobile_sdk,Android,ml,2026-05-07 11:48:00,SES618071,Referral,,
EVT00003119M,USR000899,kyc_pan,mobile_sdk,iOS,ml,2026-05-07 12:05:00,SES671068,Referral,,
EVT00003120M,USR000899,kyc_address,mobile_sdk,Android,ml,2026-05-07 11:28:00,SES681302,Referral,,
EVT00003121,USR000900,landing,mobile_sdk,Android,en,2025-04-22 13:10:00,SES678428,Organic search,2964,
EVT00003122,USR000900,rate_check,mobile_sdk,Android,en,2025-04-22 14:27:00,SES536518,Organic search,,
EVT00003123,USR000900,register,mobile_sdk,Android,en,2025-04-22 15:34:00,SES673319,Organic search,,
EVT00003124,USR000900,otp_verify,mobile_sdk,Android,en,2025-04-22 16:18:00,SES299185,Organic search,,
EVT00003125,USR000900,kyc_pan,mobile_sdk,Android,en,2025-04-22 18:36:00,SES517956,Organic search,,
EVT00003126,USR000900,kyc_address,mobile_sdk,Android,en,2025-04-22 19:42:00,SES273101,Organic search,,
EVT00003127,USR000900,vkyc_invite,mobile_sdk,Android,en,2025-04-22 19:45:00,SES417476,Organic search,,
EVT00003128,USR000900,vkyc_session,mobile_sdk,Android,en,2025-04-22 21:44:00,SES198136,Organic search,,
EVT00003129,USR000900,vkyc_complete,mobile_sdk,Android,en,2025-04-23 00:44:00,SES919858,Organic search,,
EVT00003130,USR000900,bank_link,mobile_sdk,Android,en,2025-04-23 01:20:00,SES505635,Organic search,,
EVT00003131,USR000900,fd_amount_select,mobile_sdk,Android,en,2025-04-23 03:40:00,SES671314,Organic search,,
EVT00003132,USR000900,fd_tenure_select,mobile_sdk,Android,en,2025-04-23 04:57:00,SES156036,Organic search,,
EVT00003133,USR000900,fd_review,mobile_sdk,Android,en,2025-04-23 06:42:00,SES556628,Organic search,,
EVT00003134,USR000900,fd_book_success,mobile_sdk,Android,en,2025-04-23 07:21:00,SES382999,Organic search,,
EVT00003135,USR000902,landing,mobile_sdk,Web-Mobile,bn,2026-03-10 14:02:00,SES796684,Meta Ads,1589,
EVT00003136,USR000902,rate_check,mobile_sdk,Web-Mobile,bn,2026-03-10 16:18:00,SES836069,Meta Ads,,
EVT00003137,USR000902,register,mobile_sdk,Web-Mobile,bn,2026-03-10 16:56:00,SES701078,Meta Ads,,
EVT00003138,USR000902,otp_verify,mobile_sdk,Web-Mobile,bn,2026-03-10 17:28:00,SES842374,Meta Ads,,
EVT00003139,USR000902,kyc_pan,mobile_sdk,Web-Mobile,bn,2026-03-10 18:13:00,SES904242,Meta Ads,,
EVT00003140,USR000902,kyc_address,mobile_sdk,Web-Mobile,bn,2026-03-10 20:11:00,SES919290,Meta Ads,,
EVT00003141,USR000902,vkyc_invite,mobile_sdk,Web-Mobile,bn,2026-03-10 22:17:00,SES807735,Meta Ads,,
EVT00003142,USR000902,vkyc_session,mobile_sdk,Web-Mobile,bn,2026-03-11 00:32:00,SES682597,Meta Ads,,
EVT00003143,USR000902,vkyc_complete,mobile_sdk,Web-Mobile,bn,2026-03-11 00:42:00,SES555200,Meta Ads,,
EVT00003144,USR000902,bank_link,mobile_sdk,Web-Mobile,bn,2026-03-11 02:02:00,SES380198,Meta Ads,,
EVT00003145,USR000902,fd_amount_select,mobile_sdk,Web-Mobile,bn,2026-03-11 02:07:00,SES321012,Meta Ads,,
EVT00003146,USR000902,fd_tenure_select,mobile_sdk,Web-Mobile,bn,2026-03-11 03:21:00,SES867027,Meta Ads,,
EVT00003147,USR000902,fd_review,mobile_sdk,Web-Mobile,bn,2026-03-11 03:40:00,SES704781,Meta Ads,,
EVT00003148,USR000902,fd_book_success,mobile_sdk,Web-Mobile,bn,2026-03-11 06:31:00,SES557537,Meta Ads,,
EVT00003149,USR000904,landing,mobile_sdk,Android,bn,2025-12-13 23:20:00,SES342199,Organic search,1968,
EVT00003150,USR000904,rate_check,mobile_sdk,Android,bn,2025-12-14 00:40:00,SES726559,Organic search,,RATE_NOT_COMPETITIVE
EVT00003151M,USR000906,landing,mobile_sdk,iOS,hi,2025-07-02 05:21:00,SES246233,Direct,302,
EVT00003152M,USR000906,rate_check,mobile_sdk,Android,hi,2025-07-02 05:46:00,SES618087,Direct,,
EVT00003153M,USR000906,register,mobile_sdk,Android,hi,2025-07-02 06:30:00,SES600426,Direct,,
EVT00003154M,USR000906,otp_verify,mobile_sdk,Android,hi,2025-07-02 06:32:00,SES524422,Direct,,
EVT00003155M,USR000906,kyc_pan,mobile_sdk,Android,hi,2025-07-02 06:09:00,SES791976,Direct,,
EVT00003156M,USR000906,kyc_address,mobile_sdk,Android,hi,2025-07-02 06:04:00,SES562599,Direct,,
EVT00003157M,USR000907,landing,mobile_sdk,Android,gu,2025-01-21 04:23:00,SES748176,Organic search,2416,
EVT00003158,USR000908,landing,mobile_sdk,Android,en,2026-01-07 10:15:00,SES519768,Influencer-YT,2560,
EVT00003159,USR000908,rate_check,mobile_sdk,Android,en,2026-01-07 12:48:00,SES798464,Influencer-YT,,USER_ABANDONED
EVT00003160,USR000909,landing,mobile_sdk,Web-Desktop,hi,2026-04-28 05:31:00,SES314439,Influencer-IG,2717,
EVT00003161,USR000909,rate_check,mobile_sdk,Web-Desktop,hi,2026-04-28 05:40:00,SES138132,Influencer-IG,,
EVT00003162,USR000909,register,mobile_sdk,Web-Desktop,hi,2026-04-28 07:58:00,SES327154,Influencer-IG,,
EVT00003163,USR000909,otp_verify,mobile_sdk,Web-Desktop,hi,2026-04-28 08:22:00,SES117853,Influencer-IG,,
EVT00003164,USR000909,kyc_pan,mobile_sdk,Web-Desktop,hi,2026-04-28 10:30:00,SES475310,Influencer-IG,,USER_ABANDONED
EVT00003165M,USR000910,landing,mobile_sdk,Android,en,2025-05-17 20:02:00,SES860505,Google Ads,1341,
EVT00003166M,USR000911,landing,mobile_sdk,Android,hi,2026-03-15 18:36:00,SES146378,Google Ads,1139,
EVT00003167,USR000912,landing,mobile_sdk,Android,en,2026-01-14 03:18:00,SES309472,Organic search,1805,
EVT00003168,USR000912,rate_check,mobile_sdk,Android,en,2026-01-14 04:32:00,SES380510,Organic search,,
EVT00003169,USR000912,register,mobile_sdk,Android,en,2026-01-14 07:31:00,SES843172,Organic search,,
EVT00003170,USR000912,otp_verify,mobile_sdk,Android,en,2026-01-14 09:32:00,SES707696,Organic search,,
EVT00003171,USR000912,kyc_pan,mobile_sdk,Android,en,2026-01-14 09:51:00,SES786109,Organic search,,
EVT00003172,USR000912,kyc_address,mobile_sdk,Android,en,2026-01-14 10:10:00,SES426683,Organic search,,
EVT00003173,USR000912,vkyc_invite,mobile_sdk,Android,en,2026-01-14 12:30:00,SES226517,Organic search,,
EVT00003174,USR000912,vkyc_session,mobile_sdk,Android,en,2026-01-14 12:56:00,SES408545,Organic search,,
EVT00003175,USR000912,vkyc_complete,mobile_sdk,Android,en,2026-01-14 14:41:00,SES679901,Organic search,,
EVT00003176,USR000912,bank_link,mobile_sdk,Android,en,2026-01-14 15:27:00,SES497816,Organic search,,
EVT00003177,USR000912,fd_amount_select,mobile_sdk,Android,en,2026-01-14 17:34:00,SES345936,Organic search,,
EVT00003178,USR000912,fd_tenure_select,mobile_sdk,Android,en,2026-01-14 18:19:00,SES228046,Organic search,,
EVT00003179,USR000912,fd_review,mobile_sdk,Android,en,2026-01-14 20:39:00,SES973135,Organic search,,
EVT00003180,USR000912,fd_book_success,mobile_sdk,Android,en,2026-01-14 21:45:00,SES467101,Organic search,,
EVT00003181M,USR000915,landing,mobile_sdk,Android,en,2026-02-24 22:56:00,SES311894,Organic search,893,
EVT00003182M,USR000915,rate_check,mobile_sdk,iOS,en,2026-02-24 22:17:00,SES356442,Organic search,,
EVT00003183M,USR000915,register,mobile_sdk,Android,en,2026-02-24 23:09:00,SES564625,Organic search,,
EVT00003184M,USR000915,otp_verify,mobile_sdk,Android,en,2026-02-24 22:54:00,SES103370,Organic search,,
EVT00003185M,USR000915,kyc_pan,mobile_sdk,Android,en,2026-02-24 22:34:00,SES661295,Organic search,,
EVT00003186,USR000916,landing,mobile_sdk,iOS,mr,2025-02-02 11:11:00,SES873794,Referral,1157,
EVT00003187,USR000916,rate_check,mobile_sdk,iOS,mr,2025-02-02 13:34:00,SES882280,Referral,,
EVT00003188,USR000916,register,mobile_sdk,iOS,mr,2025-02-02 15:11:00,SES192504,Referral,,
EVT00003189,USR000916,otp_verify,mobile_sdk,iOS,mr,2025-02-02 18:06:00,SES456898,Referral,,
EVT00003190,USR000916,kyc_pan,mobile_sdk,iOS,mr,2025-02-02 20:11:00,SES739397,Referral,,USER_ABANDONED
EVT00003191,USR000917,landing,mobile_sdk,Android,hi,2025-09-09 02:03:00,SES951452,Organic search,1022,USER_ABANDONED
EVT00003192M,USR000918,landing,mobile_sdk,Android,kn,2025-12-30 00:56:00,SES187563,Email,1296,
EVT00003193M,USR000919,landing,mobile_sdk,Android,hi,2025-05-08 16:57:00,SES882310,Direct,1283,
EVT00003194M,USR000919,rate_check,mobile_sdk,iOS,hi,2025-05-08 17:07:00,SES912219,Direct,,
EVT00003195M,USR000920,landing,mobile_sdk,Android,hi,2025-08-24 23:12:00,SES511066,Referral,713,
EVT00003196M,USR000920,rate_check,mobile_sdk,Android,hi,2025-08-24 22:18:00,SES254784,Referral,,
EVT00003197M,USR000920,register,mobile_sdk,Android,hi,2025-08-24 22:07:00,SES713702,Referral,,
EVT00003198M,USR000920,otp_verify,mobile_sdk,iOS,hi,2025-08-24 23:22:00,SES820836,Referral,,
EVT00003199M,USR000920,kyc_pan,mobile_sdk,Android,hi,2025-08-24 22:28:00,SES368884,Referral,,
EVT00003200M,USR000920,kyc_address,mobile_sdk,iOS,hi,2025-08-24 22:46:00,SES844233,Referral,,
EVT00003201M,USR000922,landing,mobile_sdk,Android,en,2025-04-17 09:45:00,SES766885,Referral,2075,
EVT00003202M,USR000922,rate_check,mobile_sdk,iOS,en,2025-04-17 10:52:00,SES950182,Referral,,
EVT00003203M,USR000922,register,mobile_sdk,iOS,en,2025-04-17 10:18:00,SES886932,Referral,,
EVT00003204M,USR000922,otp_verify,mobile_sdk,Android,en,2025-04-17 10:00:00,SES230167,Referral,,
EVT00003205M,USR000922,kyc_pan,mobile_sdk,iOS,en,2025-04-17 09:58:00,SES592095,Referral,,
EVT00003206,USR000923,landing,mobile_sdk,Android,en,2025-05-11 05:42:00,SES302213,Email,2036,
EVT00003207,USR000923,rate_check,mobile_sdk,Android,en,2025-05-11 08:30:00,SES821461,Email,,
EVT00003208,USR000924,landing,mobile_sdk,iOS,en,2025-03-09 17:48:00,SES216353,WhatsApp,3181,
EVT00003209,USR000924,rate_check,mobile_sdk,iOS,en,2025-03-09 17:50:00,SES329633,WhatsApp,,
EVT00003210,USR000924,register,mobile_sdk,iOS,en,2025-03-09 19:25:00,SES639368,WhatsApp,,
EVT00003211,USR000924,otp_verify,mobile_sdk,iOS,en,2025-03-09 20:27:00,SES907976,WhatsApp,,
EVT00003212,USR000924,kyc_pan,mobile_sdk,iOS,en,2025-03-09 23:09:00,SES790450,WhatsApp,,
EVT00003213,USR000924,kyc_address,mobile_sdk,iOS,en,2025-03-10 01:48:00,SES792784,WhatsApp,,
EVT00003214,USR000924,vkyc_invite,mobile_sdk,iOS,en,2025-03-10 04:28:00,SES932136,WhatsApp,,
EVT00003215,USR000924,vkyc_session,mobile_sdk,iOS,en,2025-03-10 07:23:00,SES553562,WhatsApp,,
EVT00003216,USR000924,vkyc_complete,mobile_sdk,iOS,en,2025-03-10 10:23:00,SES376783,WhatsApp,,
EVT00003217,USR000924,bank_link,mobile_sdk,iOS,en,2025-03-10 11:31:00,SES132817,WhatsApp,,
EVT00003218,USR000924,fd_amount_select,mobile_sdk,iOS,en,2025-03-10 13:41:00,SES693909,WhatsApp,,
EVT00003219,USR000924,fd_tenure_select,mobile_sdk,iOS,en,2025-03-10 14:41:00,SES960429,WhatsApp,,
EVT00003220,USR000924,fd_review,mobile_sdk,iOS,en,2025-03-10 17:14:00,SES166476,WhatsApp,,
EVT00003221,USR000924,fd_book_success,mobile_sdk,iOS,en,2025-03-10 19:40:00,SES798993,WhatsApp,,
EVT00003222M,USR000925,landing,mobile_sdk,iOS,ta,2026-01-20 03:26:00,SES574141,Influencer-YT,848,
EVT00003223M,USR000925,rate_check,mobile_sdk,Android,ta,2026-01-20 03:35:00,SES729568,Influencer-YT,,
EVT00003224M,USR000925,register,mobile_sdk,iOS,ta,2026-01-20 03:50:00,SES690588,Influencer-YT,,
EVT00003225M,USR000925,otp_verify,mobile_sdk,Android,ta,2026-01-20 02:52:00,SES483844,Influencer-YT,,
EVT00003226M,USR000925,kyc_pan,mobile_sdk,Android,ta,2026-01-20 03:49:00,SES129990,Influencer-YT,,
EVT00003227M,USR000925,kyc_address,mobile_sdk,iOS,ta,2026-01-20 03:16:00,SES253216,Influencer-YT,,
EVT00003228M,USR000927,landing,mobile_sdk,Android,ta,2025-12-18 11:41:00,SES678475,Influencer-YT,1785,
EVT00003229M,USR000927,rate_check,mobile_sdk,Android,ta,2025-12-18 12:14:00,SES631457,Influencer-YT,,
EVT00003230M,USR000927,register,mobile_sdk,Android,ta,2025-12-18 12:33:00,SES229131,Influencer-YT,,
EVT00003231M,USR000927,otp_verify,mobile_sdk,Android,ta,2025-12-18 12:32:00,SES537582,Influencer-YT,,
EVT00003232,USR000931,landing,mobile_sdk,Android,hi,2025-06-27 09:56:00,SES611954,WhatsApp,3322,
EVT00003233,USR000931,rate_check,mobile_sdk,Android,hi,2025-06-27 11:56:00,SES112691,WhatsApp,,
EVT00003234,USR000931,register,mobile_sdk,Android,hi,2025-06-27 14:20:00,SES164524,WhatsApp,,
EVT00003235,USR000931,otp_verify,mobile_sdk,Android,hi,2025-06-27 14:23:00,SES548782,WhatsApp,,
EVT00003236,USR000931,kyc_pan,mobile_sdk,Android,hi,2025-06-27 15:51:00,SES851726,WhatsApp,,
EVT00003237,USR000931,kyc_address,mobile_sdk,Android,hi,2025-06-27 17:39:00,SES403840,WhatsApp,,USER_ABANDONED
EVT00003238M,USR000933,landing,mobile_sdk,iOS,en,2025-08-11 20:28:00,SES184539,Direct,1655,
EVT00003239M,USR000933,rate_check,mobile_sdk,Android,en,2025-08-11 20:36:00,SES446449,Direct,,
EVT00003240M,USR000933,register,mobile_sdk,iOS,en,2025-08-11 19:34:00,SES355978,Direct,,
EVT00003241M,USR000933,otp_verify,mobile_sdk,iOS,en,2025-08-11 19:43:00,SES958486,Direct,,
EVT00003242M,USR000933,kyc_pan,mobile_sdk,iOS,en,2025-08-11 20:33:00,SES737405,Direct,,
EVT00003243M,USR000933,kyc_address,mobile_sdk,Android,en,2025-08-11 19:38:00,SES783855,Direct,,
EVT00003244,USR000934,landing,mobile_sdk,Web-Desktop,ml,2025-12-02 19:57:00,SES999226,Direct,2237,
EVT00003245,USR000934,rate_check,mobile_sdk,Web-Desktop,ml,2025-12-02 22:30:00,SES782642,Direct,,
EVT00003246,USR000934,register,mobile_sdk,Web-Desktop,ml,2025-12-02 23:14:00,SES948375,Direct,,
EVT00003247,USR000934,otp_verify,mobile_sdk,Web-Desktop,ml,2025-12-02 23:29:00,SES603645,Direct,,
EVT00003248,USR000934,kyc_pan,mobile_sdk,Web-Desktop,ml,2025-12-03 01:31:00,SES220081,Direct,,
EVT00003249,USR000934,kyc_address,mobile_sdk,Web-Desktop,ml,2025-12-03 02:51:00,SES787470,Direct,,
EVT00003250,USR000934,vkyc_invite,mobile_sdk,Web-Desktop,ml,2025-12-03 04:16:00,SES820826,Direct,,VKYC_AGENT_BUSY
EVT00003251,USR000937,landing,mobile_sdk,Android,mr,2025-05-29 02:11:00,SES786440,Email,2815,
EVT00003252,USR000937,rate_check,mobile_sdk,Android,mr,2025-05-29 05:10:00,SES925638,Email,,VALIDATION_FAIL
EVT00003253M,USR000939,landing,mobile_sdk,Android,bn,2025-04-04 07:14:00,SES472259,WhatsApp,1296,
EVT00003254M,USR000939,rate_check,mobile_sdk,iOS,bn,2025-04-04 06:48:00,SES856129,WhatsApp,,
EVT00003255M,USR000939,register,mobile_sdk,Android,bn,2025-04-04 07:04:00,SES536406,WhatsApp,,
EVT00003256M,USR000939,otp_verify,mobile_sdk,Android,bn,2025-04-04 06:48:00,SES737012,WhatsApp,,
EVT00003257M,USR000939,kyc_pan,mobile_sdk,Android,bn,2025-04-04 07:09:00,SES594529,WhatsApp,,
EVT00003258M,USR000939,kyc_address,mobile_sdk,Android,bn,2025-04-04 06:50:00,SES931558,WhatsApp,,
EVT00003259,USR000940,landing,mobile_sdk,Android,hi,2026-01-13 01:57:00,SES791333,Email,1484,
EVT00003260,USR000940,rate_check,mobile_sdk,Android,hi,2026-01-13 04:26:00,SES329937,Email,,RATE_NOT_COMPETITIVE
EVT00003261,USR000941,landing,mobile_sdk,Web-Desktop,gu,2025-05-18 16:58:00,SES463804,Influencer-YT,2912,
EVT00003262,USR000941,rate_check,mobile_sdk,Web-Desktop,gu,2025-05-18 18:14:00,SES702514,Influencer-YT,,VKYC_AGENT_BUSY
EVT00003263M,USR000943,landing,mobile_sdk,Android,hi,2025-08-09 22:35:00,SES996803,Referral,251,
EVT00003264M,USR000943,rate_check,mobile_sdk,iOS,hi,2025-08-09 23:42:00,SES433579,Referral,,
EVT00003265M,USR000943,register,mobile_sdk,Android,hi,2025-08-09 23:50:00,SES585655,Referral,,
EVT00003266M,USR000943,otp_verify,mobile_sdk,Android,hi,2025-08-09 22:34:00,SES486448,Referral,,
EVT00003267M,USR000943,kyc_pan,mobile_sdk,iOS,hi,2025-08-09 23:25:00,SES526024,Referral,,
EVT00003268M,USR000943,kyc_address,mobile_sdk,Android,hi,2025-08-09 23:21:00,SES361698,Referral,,
EVT00003269,USR000944,landing,mobile_sdk,Android,hi,2026-03-14 12:31:00,SES511399,Influencer-YT,1745,USER_ABANDONED
EVT00003270,USR000945,landing,mobile_sdk,Android,en,2025-07-05 00:46:00,SES674444,Meta Ads,2777,
EVT00003271,USR000945,rate_check,mobile_sdk,Android,en,2025-07-05 02:53:00,SES979903,Meta Ads,,RATE_NOT_COMPETITIVE
EVT00003272M,USR000947,landing,mobile_sdk,iOS,hi,2025-08-12 07:48:00,SES414205,Organic search,2299,
EVT00003273M,USR000947,rate_check,mobile_sdk,Android,hi,2025-08-12 08:00:00,SES467056,Organic search,,
EVT00003274M,USR000947,register,mobile_sdk,Android,hi,2025-08-12 07:43:00,SES276538,Organic search,,
EVT00003275M,USR000947,otp_verify,mobile_sdk,Android,hi,2025-08-12 07:46:00,SES894587,Organic search,,
EVT00003276M,USR000947,kyc_pan,mobile_sdk,iOS,hi,2025-08-12 07:44:00,SES201229,Organic search,,
EVT00003277M,USR000947,kyc_address,mobile_sdk,Android,hi,2025-08-12 07:34:00,SES859979,Organic search,,
EVT00003278M,USR000948,landing,mobile_sdk,Android,en,2026-02-24 03:44:00,SES976726,Email,1925,
EVT00003279M,USR000948,rate_check,mobile_sdk,Android,en,2026-02-24 02:45:00,SES884907,Email,,
EVT00003280M,USR000948,register,mobile_sdk,iOS,en,2026-02-24 03:23:00,SES805729,Email,,
EVT00003281M,USR000948,otp_verify,mobile_sdk,iOS,en,2026-02-24 03:16:00,SES893894,Email,,
EVT00003282M,USR000948,kyc_pan,mobile_sdk,iOS,en,2026-02-24 03:57:00,SES904463,Email,,
EVT00003283M,USR000948,kyc_address,mobile_sdk,iOS,en,2026-02-24 03:44:00,SES889207,Email,,
EVT00003284M,USR000949,landing,mobile_sdk,Android,en,2026-01-10 17:10:00,SES165035,Influencer-IG,2075,
EVT00003285M,USR000949,rate_check,mobile_sdk,iOS,en,2026-01-10 16:54:00,SES688749,Influencer-IG,,
EVT00003286M,USR000949,register,mobile_sdk,iOS,en,2026-01-10 17:48:00,SES252971,Influencer-IG,,
EVT00003287M,USR000950,landing,mobile_sdk,iOS,en,2025-09-01 11:36:00,SES146983,Google Ads,2287,
EVT00003288M,USR000950,rate_check,mobile_sdk,Android,en,2025-09-01 12:06:00,SES384199,Google Ads,,
EVT00003289M,USR000950,register,mobile_sdk,Android,en,2025-09-01 11:32:00,SES467157,Google Ads,,
EVT00003290,USR000951,landing,mobile_sdk,iOS,hi,2025-07-02 21:29:00,SES249927,Email,1986,
EVT00003291,USR000951,rate_check,mobile_sdk,iOS,hi,2025-07-03 00:04:00,SES993788,Email,,
EVT00003292,USR000951,register,mobile_sdk,iOS,hi,2025-07-03 01:48:00,SES197245,Email,,
EVT00003293,USR000951,otp_verify,mobile_sdk,iOS,hi,2025-07-03 04:00:00,SES539301,Email,,
EVT00003294,USR000951,kyc_pan,mobile_sdk,iOS,hi,2025-07-03 06:51:00,SES713456,Email,,
EVT00003295,USR000951,kyc_address,mobile_sdk,iOS,hi,2025-07-03 07:53:00,SES999770,Email,,
EVT00003296,USR000951,vkyc_invite,mobile_sdk,iOS,hi,2025-07-03 09:55:00,SES247133,Email,,
EVT00003297,USR000951,vkyc_session,mobile_sdk,iOS,hi,2025-07-03 10:13:00,SES909266,Email,,
EVT00003298,USR000951,vkyc_complete,mobile_sdk,iOS,hi,2025-07-03 12:32:00,SES783945,Email,,
EVT00003299,USR000951,bank_link,mobile_sdk,iOS,hi,2025-07-03 13:39:00,SES585075,Email,,USER_ABANDONED
EVT00003300,USR000953,landing,mobile_sdk,iOS,ta,2025-07-06 11:08:00,SES980101,Google Ads,440,USER_ABANDONED
EVT00003301M,USR000954,landing,mobile_sdk,Android,te,2025-09-17 19:49:00,SES602877,Email,2410,
EVT00003302M,USR000954,rate_check,mobile_sdk,iOS,te,2025-09-17 18:46:00,SES954062,Email,,
EVT00003303M,USR000954,register,mobile_sdk,Android,te,2025-09-17 19:04:00,SES178437,Email,,
EVT00003304M,USR000956,landing,mobile_sdk,Android,en,2025-01-26 15:38:00,SES133003,WhatsApp,2081,
EVT00003305,USR000957,landing,mobile_sdk,Android,hi,2026-03-05 10:02:00,SES302414,Referral,2208,
EVT00003306,USR000957,rate_check,mobile_sdk,Android,hi,2026-03-05 12:32:00,SES413429,Referral,,
EVT00003307,USR000957,register,mobile_sdk,Android,hi,2026-03-05 13:22:00,SES348130,Referral,,
EVT00003308,USR000957,otp_verify,mobile_sdk,Android,hi,2026-03-05 15:54:00,SES637430,Referral,,
EVT00003309,USR000957,kyc_pan,mobile_sdk,Android,hi,2026-03-05 17:00:00,SES867503,Referral,,
EVT00003310,USR000957,kyc_address,mobile_sdk,Android,hi,2026-03-05 17:40:00,SES848783,Referral,,
EVT00003311,USR000957,vkyc_invite,mobile_sdk,Android,hi,2026-03-05 19:16:00,SES439457,Referral,,
EVT00003312,USR000957,vkyc_session,mobile_sdk,Android,hi,2026-03-05 21:56:00,SES840766,Referral,,
EVT00003313,USR000957,vkyc_complete,mobile_sdk,Android,hi,2026-03-05 22:29:00,SES277282,Referral,,
EVT00003314,USR000957,bank_link,mobile_sdk,Android,hi,2026-03-05 22:48:00,SES371849,Referral,,
EVT00003315,USR000957,fd_amount_select,mobile_sdk,Android,hi,2026-03-05 23:49:00,SES888925,Referral,,
EVT00003316,USR000957,fd_tenure_select,mobile_sdk,Android,hi,2026-03-06 00:41:00,SES255087,Referral,,
EVT00003317,USR000957,fd_review,mobile_sdk,Android,hi,2026-03-06 02:02:00,SES653554,Referral,,
EVT00003318,USR000957,fd_book_success,mobile_sdk,Android,hi,2026-03-06 02:30:00,SES346619,Referral,,
EVT00003319M,USR000959,landing,mobile_sdk,Android,hi,2025-08-05 20:40:00,SES323617,Referral,1016,
EVT00003320M,USR000959,rate_check,mobile_sdk,Android,hi,2025-08-05 20:55:00,SES166292,Referral,,
EVT00003321M,USR000960,landing,mobile_sdk,Android,hi,2025-05-28 11:31:00,SES527667,Direct,2399,
EVT00003322M,USR000960,rate_check,mobile_sdk,Android,hi,2025-05-28 10:33:00,SES397488,Direct,,
EVT00003323M,USR000960,register,mobile_sdk,Android,hi,2025-05-28 11:01:00,SES309331,Direct,,
EVT00003324M,USR000960,otp_verify,mobile_sdk,Android,hi,2025-05-28 11:40:00,SES764514,Direct,,
EVT00003325M,USR000960,kyc_pan,mobile_sdk,Android,hi,2025-05-28 11:01:00,SES129627,Direct,,
EVT00003326M,USR000960,kyc_address,mobile_sdk,Android,hi,2025-05-28 11:41:00,SES910025,Direct,,
EVT00003327M,USR000962,landing,mobile_sdk,Android,en,2025-07-05 15:21:00,SES364395,WhatsApp,1514,
EVT00003328M,USR000962,rate_check,mobile_sdk,Android,en,2025-07-05 15:28:00,SES576763,WhatsApp,,
EVT00003329M,USR000962,register,mobile_sdk,Android,en,2025-07-05 15:11:00,SES280729,WhatsApp,,
EVT00003330M,USR000962,otp_verify,mobile_sdk,Android,en,2025-07-05 15:11:00,SES461321,WhatsApp,,
EVT00003331M,USR000962,kyc_pan,mobile_sdk,Android,en,2025-07-05 14:54:00,SES173780,WhatsApp,,
EVT00003332,USR000963,landing,mobile_sdk,Android,ml,2025-12-14 23:32:00,SES496154,WhatsApp,1851,
EVT00003333,USR000963,rate_check,mobile_sdk,Android,ml,2025-12-15 00:47:00,SES420767,WhatsApp,,
EVT00003334,USR000963,register,mobile_sdk,Android,ml,2025-12-15 02:27:00,SES491285,WhatsApp,,
EVT00003335,USR000963,otp_verify,mobile_sdk,Android,ml,2025-12-15 03:36:00,SES713740,WhatsApp,,
EVT00003336,USR000963,kyc_pan,mobile_sdk,Android,ml,2025-12-15 06:34:00,SES736066,WhatsApp,,
EVT00003337,USR000963,kyc_address,mobile_sdk,Android,ml,2025-12-15 08:04:00,SES593453,WhatsApp,,
EVT00003338,USR000963,vkyc_invite,mobile_sdk,Android,ml,2025-12-15 10:08:00,SES145355,WhatsApp,,
EVT00003339,USR000963,vkyc_session,mobile_sdk,Android,ml,2025-12-15 10:33:00,SES369311,WhatsApp,,
EVT00003340,USR000963,vkyc_complete,mobile_sdk,Android,ml,2025-12-15 11:19:00,SES274853,WhatsApp,,
EVT00003341,USR000963,bank_link,mobile_sdk,Android,ml,2025-12-15 14:03:00,SES455882,WhatsApp,,
EVT00003342,USR000963,fd_amount_select,mobile_sdk,Android,ml,2025-12-15 16:34:00,SES538089,WhatsApp,,USER_ABANDONED
EVT00003343,USR000964,landing,mobile_sdk,Android,hi,2026-01-02 19:26:00,SES995513,Influencer-YT,1621,
EVT00003344,USR000964,rate_check,mobile_sdk,Android,hi,2026-01-02 21:57:00,SES919607,Influencer-YT,,
EVT00003345,USR000964,register,mobile_sdk,Android,hi,2026-01-02 23:30:00,SES124000,Influencer-YT,,
EVT00003346,USR000964,otp_verify,mobile_sdk,Android,hi,2026-01-03 00:48:00,SES402727,Influencer-YT,,
EVT00003347,USR000964,kyc_pan,mobile_sdk,Android,hi,2026-01-03 00:53:00,SES940845,Influencer-YT,,
EVT00003348,USR000964,kyc_address,mobile_sdk,Android,hi,2026-01-03 03:10:00,SES639131,Influencer-YT,,
EVT00003349,USR000964,vkyc_invite,mobile_sdk,Android,hi,2026-01-03 04:24:00,SES659750,Influencer-YT,,
EVT00003350,USR000964,vkyc_session,mobile_sdk,Android,hi,2026-01-03 07:18:00,SES514085,Influencer-YT,,
EVT00003351,USR000964,vkyc_complete,mobile_sdk,Android,hi,2026-01-03 07:35:00,SES659024,Influencer-YT,,
EVT00003352,USR000964,bank_link,mobile_sdk,Android,hi,2026-01-03 08:48:00,SES438823,Influencer-YT,,
EVT00003353,USR000964,fd_amount_select,mobile_sdk,Android,hi,2026-01-03 10:09:00,SES562620,Influencer-YT,,
EVT00003354,USR000964,fd_tenure_select,mobile_sdk,Android,hi,2026-01-03 10:43:00,SES553267,Influencer-YT,,
EVT00003355,USR000964,fd_review,mobile_sdk,Android,hi,2026-01-03 12:35:00,SES727475,Influencer-YT,,
EVT00003356,USR000964,fd_book_success,mobile_sdk,Android,hi,2026-01-03 12:39:00,SES766184,Influencer-YT,,
EVT00003357M,USR000965,landing,mobile_sdk,Android,ml,2025-03-02 13:55:00,SES745736,Influencer-IG,263,
EVT00003358M,USR000965,rate_check,mobile_sdk,Android,ml,2025-03-02 13:36:00,SES948835,Influencer-IG,,
EVT00003359M,USR000965,register,mobile_sdk,Android,ml,2025-03-02 13:28:00,SES106802,Influencer-IG,,
EVT00003360M,USR000965,otp_verify,mobile_sdk,Android,ml,2025-03-02 14:28:00,SES436039,Influencer-IG,,
EVT00003361M,USR000965,kyc_pan,mobile_sdk,Android,ml,2025-03-02 13:04:00,SES804768,Influencer-IG,,
EVT00003362M,USR000965,kyc_address,mobile_sdk,Android,ml,2025-03-02 13:27:00,SES912743,Influencer-IG,,
EVT00003363M,USR000967,landing,mobile_sdk,Android,en,2025-05-07 21:14:00,SES643661,Email,1838,
EVT00003364M,USR000967,rate_check,mobile_sdk,Android,en,2025-05-07 20:50:00,SES272708,Email,,
EVT00003365M,USR000967,register,mobile_sdk,Android,en,2025-05-07 20:23:00,SES918375,Email,,
EVT00003366M,USR000967,otp_verify,mobile_sdk,Android,en,2025-05-07 19:56:00,SES559705,Email,,
EVT00003367M,USR000967,kyc_pan,mobile_sdk,iOS,en,2025-05-07 20:41:00,SES213321,Email,,
EVT00003368M,USR000967,kyc_address,mobile_sdk,iOS,en,2025-05-07 19:54:00,SES822119,Email,,
EVT00003369,USR000968,landing,mobile_sdk,Web-Desktop,hi,2026-02-25 12:46:00,SES473105,WhatsApp,3421,
EVT00003370,USR000968,rate_check,mobile_sdk,Web-Desktop,hi,2026-02-25 13:13:00,SES912224,WhatsApp,,
EVT00003371M,USR000969,landing,mobile_sdk,iOS,hi,2025-08-11 11:00:00,SES666156,Google Ads,225,
EVT00003372M,USR000969,rate_check,mobile_sdk,Android,hi,2025-08-11 09:53:00,SES544551,Google Ads,,
EVT00003373M,USR000969,register,mobile_sdk,Android,hi,2025-08-11 09:50:00,SES859193,Google Ads,,
EVT00003374,USR000970,landing,mobile_sdk,Web-Mobile,bn,2025-03-09 10:41:00,SES971105,Influencer-YT,1078,
EVT00003375,USR000970,rate_check,mobile_sdk,Web-Mobile,bn,2025-03-09 13:12:00,SES816609,Influencer-YT,,
EVT00003376,USR000970,register,mobile_sdk,Web-Mobile,bn,2025-03-09 15:08:00,SES796134,Influencer-YT,,
EVT00003377,USR000970,otp_verify,mobile_sdk,Web-Mobile,bn,2025-03-09 15:14:00,SES384267,Influencer-YT,,
EVT00003378,USR000970,kyc_pan,mobile_sdk,Web-Mobile,bn,2025-03-09 16:19:00,SES972520,Influencer-YT,,
EVT00003379,USR000970,kyc_address,mobile_sdk,Web-Mobile,bn,2025-03-09 18:38:00,SES659272,Influencer-YT,,
EVT00003380,USR000970,vkyc_invite,mobile_sdk,Web-Mobile,bn,2025-03-09 19:00:00,SES327094,Influencer-YT,,
EVT00003381,USR000970,vkyc_session,mobile_sdk,Web-Mobile,bn,2025-03-09 19:50:00,SES258175,Influencer-YT,,
EVT00003382,USR000970,vkyc_complete,mobile_sdk,Web-Mobile,bn,2025-03-09 22:15:00,SES888576,Influencer-YT,,
EVT00003383,USR000970,bank_link,mobile_sdk,Web-Mobile,bn,2025-03-09 22:24:00,SES517840,Influencer-YT,,
EVT00003384,USR000970,fd_amount_select,mobile_sdk,Web-Mobile,bn,2025-03-10 00:34:00,SES579885,Influencer-YT,,
EVT00003385,USR000970,fd_tenure_select,mobile_sdk,Web-Mobile,bn,2025-03-10 02:01:00,SES372665,Influencer-YT,,
EVT00003386,USR000970,fd_review,mobile_sdk,Web-Mobile,bn,2025-03-10 04:10:00,SES399893,Influencer-YT,,USER_ABANDONED
EVT00003387M,USR000972,landing,mobile_sdk,Android,hi,2025-06-01 13:05:00,SES345918,Referral,1116,
EVT00003388M,USR000972,rate_check,mobile_sdk,Android,hi,2025-06-01 11:53:00,SES893919,Referral,,
EVT00003389,USR000974,landing,mobile_sdk,Android,hi,2025-12-28 12:47:00,SES107737,Direct,296,
EVT00003390,USR000974,rate_check,mobile_sdk,Android,hi,2025-12-28 15:13:00,SES871361,Direct,,VALIDATION_FAIL
EVT00003391M,USR000977,landing,mobile_sdk,Android,ta,2025-07-27 10:26:00,SES996677,Referral,1421,
EVT00003392M,USR000977,rate_check,mobile_sdk,Android,ta,2025-07-27 11:35:00,SES150004,Referral,,
EVT00003393M,USR000977,register,mobile_sdk,Android,ta,2025-07-27 10:09:00,SES292824,Referral,,
EVT00003394,USR000978,landing,mobile_sdk,Android,en,2025-08-24 05:00:00,SES276954,Email,2805,
EVT00003395,USR000978,rate_check,mobile_sdk,Android,en,2025-08-24 07:57:00,SES188160,Email,,DOC_REJECTED
EVT00003396M,USR000979,landing,mobile_sdk,Android,te,2025-03-31 05:10:00,SES255629,Google Ads,2464,
EVT00003397M,USR000979,rate_check,mobile_sdk,iOS,te,2025-03-31 05:29:00,SES479656,Google Ads,,
EVT00003398M,USR000979,register,mobile_sdk,Android,te,2025-03-31 04:23:00,SES715233,Google Ads,,
EVT00003399,USR000981,landing,mobile_sdk,Android,hi,2025-02-26 11:26:00,SES492824,Referral,626,
EVT00003400,USR000981,rate_check,mobile_sdk,Android,hi,2025-02-26 11:58:00,SES634001,Referral,,USER_ABANDONED
EVT00003401,USR000982,landing,mobile_sdk,Android,en,2025-11-24 14:58:00,SES803268,Influencer-YT,3096,
EVT00003402,USR000982,rate_check,mobile_sdk,Android,en,2025-11-24 17:26:00,SES490808,Influencer-YT,,
EVT00003403,USR000984,landing,mobile_sdk,Android,en,2025-07-11 11:41:00,SES989340,Email,561,
EVT00003404,USR000984,rate_check,mobile_sdk,Android,en,2025-07-11 12:03:00,SES728845,Email,,
EVT00003405,USR000984,register,mobile_sdk,Android,en,2025-07-11 14:32:00,SES455951,Email,,
EVT00003406,USR000984,otp_verify,mobile_sdk,Android,en,2025-07-11 15:09:00,SES196292,Email,,USER_ABANDONED
EVT00003407M,USR000985,landing,mobile_sdk,iOS,mr,2026-02-12 19:23:00,SES358801,Influencer-YT,1445,
EVT00003408M,USR000985,rate_check,mobile_sdk,Android,mr,2026-02-12 20:09:00,SES419466,Influencer-YT,,
EVT00003409M,USR000985,register,mobile_sdk,Android,mr,2026-02-12 19:01:00,SES698753,Influencer-YT,,
EVT00003410M,USR000985,otp_verify,mobile_sdk,iOS,mr,2026-02-12 20:03:00,SES190902,Influencer-YT,,
EVT00003411M,USR000985,kyc_pan,mobile_sdk,Android,mr,2026-02-12 19:16:00,SES211259,Influencer-YT,,
EVT00003412M,USR000985,kyc_address,mobile_sdk,iOS,mr,2026-02-12 20:09:00,SES979118,Influencer-YT,,
EVT00003413M,USR000988,landing,mobile_sdk,Android,kn,2025-10-03 03:42:00,SES760735,Google Ads,1982,
EVT00003414M,USR000988,rate_check,mobile_sdk,Android,kn,2025-10-03 04:19:00,SES117139,Google Ads,,
EVT00003415M,USR000988,register,mobile_sdk,iOS,kn,2025-10-03 04:15:00,SES634323,Google Ads,,
EVT00003416M,USR000988,otp_verify,mobile_sdk,iOS,kn,2025-10-03 04:31:00,SES967653,Google Ads,,
EVT00003417M,USR000992,landing,mobile_sdk,Android,ta,2025-05-07 14:06:00,SES229870,Direct,817,
EVT00003418M,USR000992,rate_check,mobile_sdk,Android,ta,2025-05-07 14:10:00,SES963593,Direct,,
EVT00003419M,USR000992,register,mobile_sdk,iOS,ta,2025-05-07 13:39:00,SES476793,Direct,,
EVT00003420M,USR000992,otp_verify,mobile_sdk,Android,ta,2025-05-07 14:14:00,SES318505,Direct,,
EVT00003421M,USR000993,landing,mobile_sdk,iOS,en,2025-10-09 21:57:00,SES152376,Google Ads,2181,
EVT00003422M,USR000993,rate_check,mobile_sdk,Android,en,2025-10-09 21:54:00,SES480870,Google Ads,,
EVT00003423M,USR000993,register,mobile_sdk,Android,en,2025-10-09 22:18:00,SES110226,Google Ads,,
EVT00003424M,USR000993,otp_verify,mobile_sdk,Android,en,2025-10-09 22:08:00,SES457245,Google Ads,,
EVT00003425M,USR000993,kyc_pan,mobile_sdk,Android,en,2025-10-09 22:20:00,SES869894,Google Ads,,
EVT00003426M,USR000993,kyc_address,mobile_sdk,Android,en,2025-10-09 22:21:00,SES954983,Google Ads,,
EVT00003427,USR000994,landing,mobile_sdk,Web-Desktop,en,2025-02-19 09:36:00,SES907968,Referral,1595,
EVT00003428,USR000994,rate_check,mobile_sdk,Web-Desktop,en,2025-02-19 10:41:00,SES411067,Referral,,
EVT00003429,USR000994,register,mobile_sdk,Web-Desktop,en,2025-02-19 13:33:00,SES767370,Referral,,
EVT00003430,USR000994,otp_verify,mobile_sdk,Web-Desktop,en,2025-02-19 16:33:00,SES690660,Referral,,
EVT00003431,USR000994,kyc_pan,mobile_sdk,Web-Desktop,en,2025-02-19 17:09:00,SES891605,Referral,,
EVT00003432,USR000994,kyc_address,mobile_sdk,Web-Desktop,en,2025-02-19 19:41:00,SES490101,Referral,,
EVT00003433,USR000994,vkyc_invite,mobile_sdk,Web-Desktop,en,2025-02-19 21:15:00,SES383509,Referral,,
EVT00003434,USR000994,vkyc_session,mobile_sdk,Web-Desktop,en,2025-02-19 21:38:00,SES291445,Referral,,
EVT00003435,USR000994,vkyc_complete,mobile_sdk,Web-Desktop,en,2025-02-19 22:32:00,SES175872,Referral,,
EVT00003436,USR000994,bank_link,mobile_sdk,Web-Desktop,en,2025-02-20 00:28:00,SES830711,Referral,,
EVT00003437,USR000994,fd_amount_select,mobile_sdk,Web-Desktop,en,2025-02-20 01:41:00,SES712021,Referral,,
EVT00003438,USR000994,fd_tenure_select,mobile_sdk,Web-Desktop,en,2025-02-20 02:51:00,SES237754,Referral,,
EVT00003439,USR000994,fd_review,mobile_sdk,Web-Desktop,en,2025-02-20 05:03:00,SES348084,Referral,,
EVT00003440,USR000994,fd_book_success,mobile_sdk,Web-Desktop,en,2025-02-20 07:46:00,SES701157,Referral,,
EVT00003441M,USR000995,landing,mobile_sdk,iOS,te,2025-11-07 20:50:00,SES657276,Direct,1675,
EVT00003442M,USR000995,rate_check,mobile_sdk,iOS,te,2025-11-07 20:20:00,SES306817,Direct,,
EVT00003443M,USR000995,register,mobile_sdk,Android,te,2025-11-07 20:33:00,SES166578,Direct,,
EVT00003444M,USR000996,landing,mobile_sdk,iOS,en,2025-07-05 23:24:00,SES396055,Google Ads,1681,
EVT00003445,USR000998,landing,mobile_sdk,Android,hi,2025-11-30 04:01:00,SES150711,Referral,2965,
EVT00003446,USR000998,rate_check,mobile_sdk,Android,hi,2025-11-30 06:55:00,SES952000,Referral,,VALIDATION_FAIL
EVT00003447M,USR000999,landing,mobile_sdk,Android,bn,2026-03-24 04:03:00,SES114297,Organic search,1747,
EVT00003448M,USR000999,rate_check,mobile_sdk,Android,bn,2026-03-24 03:53:00,SES633466,Organic search,,
EVT00003449M,USR000999,register,mobile_sdk,Android,bn,2026-03-24 04:01:00,SES158382,Organic search,,
EVT00003450M,USR000999,otp_verify,mobile_sdk,Android,bn,2026-03-24 03:56:00,SES509095,Organic search,,
EVT00003451M,USR000999,kyc_pan,mobile_sdk,iOS,bn,2026-03-24 04:22:00,SES292597,Organic search,,
EVT00003452M,USR000999,kyc_address,mobile_sdk,Android,bn,2026-03-24 04:18:00,SES261814,Organic search,,
EVT00003453,USR001000,landing,mobile_sdk,iOS,mr,2025-11-07 02:49:00,SES729779,WhatsApp,885,
EVT00003454,USR001000,rate_check,mobile_sdk,iOS,mr,2025-11-07 04:10:00,SES187557,WhatsApp,,
EVT00003455,USR001000,register,mobile_sdk,iOS,mr,2025-11-07 04:58:00,SES847859,WhatsApp,,
EVT00003456,USR001000,otp_verify,mobile_sdk,iOS,mr,2025-11-07 07:06:00,SES727563,WhatsApp,,
EVT00003457,USR001000,kyc_pan,mobile_sdk,iOS,mr,2025-11-07 09:00:00,SES569067,WhatsApp,,
EVT00003458,USR001000,kyc_address,mobile_sdk,iOS,mr,2025-11-07 09:18:00,SES624021,WhatsApp,,
EVT00003459,USR001000,vkyc_invite,mobile_sdk,iOS,mr,2025-11-07 10:16:00,SES833454,WhatsApp,,
EVT00003460,USR001000,vkyc_session,mobile_sdk,iOS,mr,2025-11-07 10:31:00,SES221396,WhatsApp,,TIMEOUT
